date,close,open,high,low,volume
1990-01-03,25000.0,25000.0,25000.0,25000.0,400
1990-01-04,24800.0,24700.0,25300.0,24200.0,34030
1990-01-05,24000.0,24500.0,24500.0,23800.0,5410
1990-01-06,23500.0,23700.0,24000.0,23500.0,4040
1990-01-08,23900.0,23700.0,24000.0,23500.0,11860
1990-01-09,24600.0,24200.0,24600.0,24000.0,26850
1990-01-10,24200.0,24600.0,24800.0,24200.0,5130
1990-01-11,23800.0,24000.0,24000.0,23800.0,3160
1990-01-12,23500.0,23600.0,24000.0,23500.0,2760
1990-01-13,23300.0,23700.0,23700.0,23300.0,2460
1990-01-15,23000.0,23100.0,23200.0,23000.0,3910
1990-01-16,23000.0,23000.0,23200.0,22400.0,3120
1990-01-17,22900.0,22800.0,22900.0,22800.0,1100
1990-01-18,22900.0,22900.0,23000.0,22900.0,2440
1990-01-19,22800.0,22900.0,22900.0,22500.0,1700
1990-01-20,22700.0,22700.0,22700.0,22700.0,2070
1990-01-22,23300.0,23000.0,23300.0,23000.0,1290
1990-01-23,23000.0,23300.0,23300.0,22600.0,2830
1990-01-24,23600.0,23300.0,23700.0,23200.0,9930
1990-01-25,23800.0,23800.0,24100.0,23800.0,20060
1990-01-29,23700.0,24000.0,24000.0,23400.0,3270
1990-01-30,23900.0,23800.0,23900.0,23500.0,21020
1990-01-31,24000.0,23600.0,24000.0,23600.0,15670
1990-02-01,24000.0,23600.0,24000.0,23600.0,5010
1990-02-02,23200.0,23600.0,23600.0,23200.0,3210
1990-02-03,23000.0,23200.0,23200.0,23000.0,3860
1990-02-05,23500.0,23700.0,23700.0,23000.0,2560
1990-02-06,23600.0,23600.0,23800.0,23600.0,3720
1990-02-07,23400.0,23600.0,23700.0,23400.0,2330
1990-02-08,23400.0,23200.0,23400.0,23200.0,240
1990-02-09,23600.0,23400.0,23600.0,23400.0,5110
1990-02-10,23400.0,23400.0,23400.0,23400.0,0
1990-02-12,23200.0,23200.0,23200.0,23200.0,1350
1990-02-13,23200.0,23000.0,23400.0,23000.0,560
1990-02-14,23500.0,23300.0,23500.0,23000.0,4410
1990-02-15,23600.0,23500.0,23700.0,23500.0,2690
1990-02-16,23300.0,23600.0,23600.0,23300.0,3410
1990-02-17,23300.0,23200.0,23300.0,23200.0,980
1990-02-19,23200.0,23000.0,23300.0,23000.0,2740
1990-02-20,23000.0,22700.0,23000.0,22700.0,3130
1990-02-21,22900.0,23000.0,23000.0,22800.0,2390
1990-02-22,23200.0,22800.0,23200.0,22800.0,5350
1990-02-23,23000.0,23300.0,23300.0,23000.0,210
1990-02-24,23000.0,22800.0,23200.0,22600.0,2530
1990-02-26,22100.0,22600.0,22700.0,22100.0,3380
1990-02-27,23100.0,22300.0,23100.0,22100.0,4590
1990-02-28,22800.0,22900.0,23000.0,22800.0,1360
1990-03-02,54296.0,54296.0,54762.0,53597.0,3850
1990-03-03,53597.0,54063.0,54063.0,53597.0,1210
1990-03-05,52665.0,53364.0,53597.0,52431.0,1470
1990-03-06,52898.0,52898.0,52898.0,52432.0,1840
1990-03-07,51966.0,52431.0,52431.0,51732.0,3450
1990-03-08,52199.0,51965.0,52431.0,51965.0,2110
1990-03-09,53364.0,52431.0,53364.0,51966.0,11060
1990-03-12,52898.0,53597.0,53597.0,51733.0,690
1990-03-13,51733.0,51731.0,51965.0,51731.0,970
1990-03-14,51966.0,51732.0,51965.0,51732.0,2100
1990-03-15,51733.0,51731.0,51731.0,51266.0,700
1990-03-16,51966.0,51732.0,52198.0,51732.0,1680
1990-03-17,51733.0,51731.0,51731.0,51731.0,1270
1990-03-19,52199.0,51965.0,52198.0,51965.0,490
1990-03-20,52665.0,52431.0,52665.0,51966.0,2630
1990-03-21,52199.0,52897.0,53130.0,52198.0,1210
1990-03-22,51966.0,52198.0,52198.0,51965.0,600
1990-03-23,51966.0,52431.0,52431.0,51965.0,1970
1990-03-24,51966.0,51266.0,51965.0,51266.0,60
1990-03-26,51966.0,51965.0,51965.0,50567.0,230
1990-03-27,51267.0,51965.0,51965.0,51266.0,700
1990-03-28,50568.0,50567.0,50567.0,50567.0,570
1990-03-29,51034.0,50567.0,51032.0,50333.0,1300
1990-03-30,53364.0,51499.0,53364.0,51499.0,880
1990-03-31,53131.0,51267.0,53131.0,51267.0,170
1990-04-02,51500.0,52431.0,52431.0,51498.0,180
1990-04-03,51500.0,52431.0,52431.0,51498.0,1450
1990-04-04,51267.0,51732.0,52431.0,51266.0,2170
1990-04-06,51500.0,50567.0,51498.0,50567.0,2230
1990-04-07,51500.0,51732.0,51965.0,51498.0,570
1990-04-09,51034.0,50799.0,51032.0,50799.0,420
1990-04-10,50335.0,50334.0,50334.0,50334.0,1640
1990-04-11,50801.0,50334.0,50799.0,50334.0,1590
1990-04-12,51267.0,51266.0,51266.0,50101.0,1460
1990-04-13,50568.0,50100.0,50567.0,50100.0,850
1990-04-14,49403.0,50100.0,50100.0,49401.0,320
1990-04-16,48703.0,48937.0,48937.0,48238.0,540
1990-04-17,50102.0,46838.0,50100.0,46838.0,1890
1990-04-18,48937.0,50101.0,50101.0,47770.0,730
1990-04-19,47305.0,47771.0,47771.0,47306.0,930
1990-04-20,45907.0,46606.0,47305.0,45907.0,1170
1990-04-21,46373.0,46140.0,46607.0,46140.0,1910
1990-04-23,46140.0,46140.0,46140.0,46140.0,250
1990-04-24,45907.0,46140.0,46140.0,45674.0,930
1990-04-25,44509.0,45905.0,45905.0,44507.0,120
1990-04-26,42878.0,42876.0,42876.0,42876.0,1730
1990-04-27,43344.0,42877.0,43343.0,42178.0,1500
1990-04-28,42179.0,42876.0,42876.0,42177.0,240
1990-04-30,40314.0,41945.0,41945.0,40314.0,270
1990-05-01,42179.0,40313.0,42177.0,40313.0,4650
1990-05-03,44043.0,43809.0,44042.0,43809.0,1780
1990-05-04,45907.0,45674.0,45907.0,44043.0,3820
1990-05-07,45907.0,46606.0,47305.0,45907.0,3890
1990-05-08,45208.0,45674.0,45907.0,44975.0,970
1990-05-09,43810.0,44974.0,44974.0,43808.0,520
1990-05-10,44975.0,42644.0,44974.0,41944.0,1880
1990-05-11,43111.0,43809.0,44042.0,43110.0,2030
1990-05-12,41946.0,42411.0,42411.0,41944.0,1400
1990-05-14,40547.0,41479.0,41479.0,40314.0,80
1990-05-15,38916.0,39615.0,39615.0,38916.0,590
1990-05-16,40780.0,39149.0,40781.0,39149.0,1380
1990-05-17,41013.0,42412.0,42412.0,41014.0,1390
1990-05-18,40547.0,41013.0,41013.0,40547.0,650
1990-05-19,41013.0,40780.0,41945.0,40780.0,1040
1990-05-21,41013.0,41014.0,41014.0,41014.0,530
1990-05-22,42412.0,41013.0,42411.0,41013.0,2540
1990-05-23,43111.0,43110.0,43110.0,41712.0,31480
1990-05-24,44276.0,43343.0,44741.0,43110.0,19560
1990-05-25,44043.0,44275.0,44275.0,43809.0,9940
1990-05-26,43344.0,43576.0,43576.0,42877.0,1280
1990-05-28,43810.0,43343.0,43808.0,42644.0,1510
1990-05-29,43810.0,43808.0,44275.0,43808.0,8000
1990-05-30,44276.0,42644.0,44741.0,42644.0,3620
1990-05-31,45208.0,44276.0,45907.0,44276.0,21910
1990-06-01,43577.0,45673.0,45906.0,43575.0,3730
1990-06-02,43810.0,44275.0,44275.0,43808.0,1340
1990-06-04,44975.0,44275.0,45440.0,43809.0,4590
1990-06-05,44742.0,45440.0,45440.0,44741.0,5260
1990-06-07,43810.0,44741.0,44974.0,43808.0,3250
1990-06-08,43577.0,44275.0,44275.0,43575.0,1730
1990-06-09,43577.0,43575.0,43575.0,43575.0,1170
1990-06-11,43577.0,43575.0,43575.0,43575.0,1100
1990-06-12,42878.0,43343.0,43343.0,42876.0,1770
1990-06-13,42878.0,42876.0,42876.0,42876.0,390
1990-06-14,41946.0,42177.0,42644.0,41944.0,550
1990-06-15,41480.0,41478.0,41944.0,41478.0,1270
1990-06-16,41946.0,41478.0,41944.0,41478.0,850
1990-06-18,40780.0,41480.0,41713.0,40781.0,1460
1990-06-19,41946.0,40080.0,41944.0,39614.0,1800
1990-06-20,41246.0,40780.0,41246.0,40780.0,1830
1990-06-21,41013.0,41014.0,41014.0,40314.0,300
1990-06-22,40547.0,40780.0,40780.0,40314.0,8920
1990-06-23,40547.0,40547.0,40547.0,40547.0,190
1990-06-25,39848.0,40547.0,40547.0,39848.0,2230
1990-06-26,41246.0,39615.0,41246.0,39615.0,1490
1990-06-27,40314.0,39615.0,40314.0,39615.0,390
1990-06-28,39615.0,39848.0,39848.0,39615.0,1680
1990-06-29,40081.0,40082.0,40082.0,40082.0,3040
1990-06-30,40547.0,40547.0,40547.0,40547.0,2000
1990-07-02,41246.0,40547.0,41246.0,40547.0,6630
1990-07-03,43111.0,41712.0,43110.0,41712.0,5300
1990-07-04,41946.0,43575.0,43575.0,41944.0,8900
1990-07-05,41480.0,42177.0,42177.0,41478.0,4230
1990-07-06,41480.0,41478.0,41944.0,41478.0,5530
1990-07-07,42179.0,41944.0,42177.0,41944.0,2930
1990-07-09,42645.0,42411.0,42644.0,42411.0,4730
1990-07-10,43344.0,43110.0,43343.0,43110.0,10050
1990-07-11,43344.0,41944.0,43343.0,41479.0,5590
1990-07-12,43577.0,43343.0,43575.0,41712.0,10940
1990-07-13,41946.0,42876.0,42876.0,41944.0,860
1990-07-14,42645.0,41712.0,42876.0,41712.0,940
1990-07-16,41013.0,42645.0,42645.0,41014.0,3070
1990-07-18,41946.0,42876.0,42876.0,41944.0,820
1990-07-19,41713.0,41712.0,41944.0,41479.0,7150
1990-07-20,41946.0,41712.0,41944.0,41712.0,6000
1990-07-21,41713.0,41944.0,41944.0,41712.0,9000
1990-07-23,41946.0,41944.0,41944.0,41944.0,1000
1990-07-24,41713.0,40780.0,41712.0,40780.0,230
1990-07-25,41713.0,40780.0,41712.0,40780.0,510
1990-07-26,40780.0,40781.0,40781.0,40781.0,10
1990-07-27,41246.0,40780.0,41246.0,40780.0,2590
1990-07-28,41713.0,41245.0,41712.0,40780.0,670
1990-07-30,41713.0,40081.0,41712.0,40081.0,20
1990-07-31,41713.0,39847.0,41944.0,39847.0,3610
1990-08-01,41246.0,41712.0,42645.0,41246.0,1590
1990-08-02,41246.0,42412.0,42412.0,41246.0,260
1990-08-03,41480.0,40546.0,41478.0,40546.0,580
1990-08-04,40780.0,40781.0,40781.0,40781.0,220
1990-08-06,40081.0,40082.0,40082.0,40082.0,730
1990-08-07,39615.0,39382.0,39615.0,38683.0,140
1990-08-08,39615.0,39615.0,39615.0,39615.0,0
1990-08-09,39848.0,39848.0,39848.0,38450.0,8300
1990-08-10,39848.0,39848.0,40547.0,39615.0,3810
1990-08-11,39848.0,39848.0,39848.0,39848.0,4010
1990-08-13,39615.0,39615.0,39615.0,39615.0,0
1990-08-14,39149.0,38450.0,39149.0,38450.0,7060
1990-08-16,38217.0,39149.0,39149.0,38217.0,14130
1990-08-17,38450.0,37751.0,38450.0,37751.0,4000
1990-08-18,38450.0,37751.0,38450.0,37751.0,1180
1990-08-20,37518.0,37983.0,37983.0,37517.0,5350
1990-08-21,37285.0,36584.0,37283.0,36351.0,3630
1990-08-22,37285.0,37283.0,37283.0,37283.0,1880
1990-08-23,37285.0,37283.0,37283.0,36351.0,3600
1990-08-24,37285.0,37283.0,37283.0,37283.0,9360
1990-08-25,36120.0,36119.0,36119.0,36119.0,170
1990-08-27,37984.0,37984.0,37984.0,36819.0,390
1990-08-28,39848.0,39615.0,39848.0,39615.0,1000
1990-08-29,40081.0,41480.0,41480.0,40082.0,3250
1990-08-30,40081.0,39615.0,40082.0,38217.0,3060
1990-08-31,40314.0,38217.0,40314.0,38217.0,2600
1990-09-01,40314.0,40314.0,40314.0,40314.0,5000
1990-09-03,41480.0,40313.0,41478.0,39148.0,15950
1990-09-04,41480.0,40779.0,41478.0,39614.0,7770
1990-09-05,41480.0,41478.0,41478.0,40313.0,7810
1990-09-06,41480.0,40313.0,41478.0,40313.0,9520
1990-09-07,41480.0,40313.0,41478.0,40313.0,11010
1990-09-08,41246.0,41479.0,41479.0,40314.0,11800
1990-09-10,41246.0,41246.0,41246.0,41246.0,7700
1990-09-11,40081.0,41014.0,41014.0,40082.0,8600
1990-09-12,40081.0,39149.0,40082.0,39149.0,470
1990-09-13,39848.0,39382.0,40081.0,39382.0,8000
1990-09-14,40081.0,40082.0,40082.0,40082.0,13500
1990-09-15,39382.0,39382.0,39382.0,39382.0,0
1990-09-17,39382.0,37751.0,39382.0,37518.0,5420
1990-09-18,40547.0,37751.0,40780.0,37518.0,4100
1990-09-19,40547.0,40314.0,40547.0,40314.0,5010
1990-09-20,40081.0,40314.0,40314.0,39848.0,21000
1990-09-21,38916.0,38217.0,39382.0,38217.0,12500
1990-09-22,38916.0,38916.0,38916.0,37052.0,14600
1990-09-24,38916.0,37518.0,38916.0,37518.0,2380
1990-09-25,39149.0,37751.0,39149.0,37751.0,16430
1990-09-26,38916.0,38217.0,38916.0,38217.0,6330
1990-09-27,38217.0,37751.0,38217.0,37751.0,260
1990-09-28,37984.0,38217.0,38217.0,37984.0,13230
1990-09-29,37984.0,37751.0,37984.0,37751.0,9880
1990-10-05,38916.0,38683.0,38916.0,37751.0,12250
1990-10-06,37984.0,39149.0,39149.0,37984.0,5790
1990-10-08,37285.0,37283.0,37750.0,37283.0,1840
1990-10-10,37285.0,37283.0,37283.0,36351.0,3980
1990-10-11,37285.0,37750.0,38216.0,37283.0,8480
1990-10-12,39149.0,37518.0,39149.0,37518.0,48280
1990-10-13,39382.0,40082.0,40547.0,39149.0,22470
1990-10-15,40081.0,39615.0,41246.0,39615.0,45610
1990-10-16,38450.0,40082.0,40547.0,38450.0,7440
1990-10-17,38916.0,39149.0,39149.0,38217.0,21690
1990-10-18,38683.0,39149.0,39149.0,38217.0,15030
1990-10-19,40547.0,39149.0,40547.0,38916.0,63830
1990-10-20,40081.0,41014.0,41014.0,39848.0,20110
1990-10-22,41013.0,40081.0,41713.0,39382.0,45060
1990-10-23,42878.0,42410.0,42876.0,42410.0,36520
1990-10-24,44742.0,44741.0,44741.0,44741.0,35620
1990-10-25,42878.0,42876.0,42876.0,42876.0,460
1990-10-26,41013.0,41014.0,41014.0,41014.0,4660
1990-10-27,39382.0,39149.0,40547.0,39149.0,7990
1990-10-29,39382.0,40781.0,41246.0,39382.0,14500
1990-10-30,39382.0,38916.0,39848.0,38683.0,7950
1990-10-31,37751.0,38450.0,38684.0,37751.0,8650
1990-11-01,38450.0,37751.0,39149.0,37751.0,6510
1990-11-02,38217.0,38916.0,38916.0,38217.0,5200
1990-11-03,37751.0,36819.0,38217.0,36819.0,2050
1990-11-05,37285.0,37982.0,37982.0,37283.0,1750
1990-11-06,37052.0,37750.0,37750.0,37051.0,2330
1990-11-07,37518.0,37284.0,38450.0,37051.0,7260
1990-11-08,37984.0,38217.0,38217.0,37518.0,9120
1990-11-09,37984.0,37518.0,38450.0,37285.0,5080
1990-11-10,37751.0,37984.0,37984.0,37751.0,940
1990-11-12,38217.0,37751.0,38217.0,37284.0,6190
1990-11-13,37751.0,38450.0,38450.0,37751.0,6770
1990-11-14,37518.0,38216.0,38216.0,37517.0,5570
1990-11-15,37052.0,37517.0,37517.0,37051.0,4790
1990-11-16,36586.0,36818.0,36818.0,36584.0,5430
1990-11-17,36586.0,36818.0,37283.0,36351.0,2470
1990-11-19,36586.0,36119.0,36584.0,35885.0,4420
1990-11-20,36120.0,36119.0,36119.0,35653.0,3530
1990-11-21,36353.0,36119.0,36351.0,36119.0,3920
1990-11-22,36819.0,36352.0,37284.0,36352.0,2400
1990-11-23,36353.0,36119.0,36585.0,36119.0,4490
1990-11-24,36353.0,36351.0,36351.0,36351.0,3880
1990-11-26,36353.0,35886.0,36351.0,35886.0,1930
1990-11-27,37052.0,36351.0,37284.0,36351.0,5890
1990-11-28,37518.0,37051.0,37983.0,37051.0,12450
1990-11-29,36586.0,37982.0,37982.0,36584.0,5890
1990-11-30,37052.0,36585.0,37284.0,36585.0,4530
1990-12-01,37518.0,37517.0,38216.0,37517.0,13440
1990-12-03,38217.0,37983.0,38217.0,37751.0,21180
1990-12-04,37518.0,38216.0,38216.0,37517.0,4300
1990-12-05,37518.0,37517.0,38216.0,37517.0,4010
1990-12-06,37518.0,37517.0,37983.0,37517.0,6000
1990-12-07,38683.0,38217.0,38683.0,37984.0,16210
1990-12-08,38916.0,39615.0,39615.0,38916.0,18770
1990-12-10,39848.0,39615.0,39848.0,39149.0,21090
1990-12-11,39382.0,39848.0,39848.0,38916.0,10620
1990-12-12,38683.0,38916.0,39382.0,38450.0,7830
1990-12-13,38217.0,38916.0,38916.0,38217.0,4270
1990-12-14,38450.0,38217.0,38450.0,38217.0,670
1990-12-15,38683.0,37984.0,38683.0,37984.0,1350
1990-12-17,38683.0,38683.0,38683.0,38683.0,1210
1990-12-18,38683.0,38450.0,38683.0,38450.0,4600
1990-12-19,38683.0,37751.0,38683.0,37751.0,4670
1990-12-20,38683.0,37518.0,38683.0,37518.0,9040
1990-12-21,38683.0,37984.0,38683.0,37518.0,11990
1990-12-22,38683.0,38683.0,38683.0,38450.0,5110
1990-12-24,38683.0,38450.0,38683.0,38450.0,6500
1990-12-26,38683.0,38450.0,38683.0,37984.0,31580
1991-01-03,37285.0,37283.0,37283.0,37283.0,820
1991-01-04,38217.0,37751.0,38217.0,37751.0,740
1991-01-05,38217.0,38217.0,38217.0,38217.0,750
1991-01-07,37285.0,37283.0,37283.0,37283.0,0
1991-01-08,35421.0,36351.0,36818.0,35420.0,2090
1991-01-09,35421.0,35420.0,35420.0,35420.0,2530
1991-01-10,33556.0,34955.0,34955.0,33557.0,1240
1991-01-11,34722.0,32623.0,34953.0,32390.0,2940
1991-01-12,34722.0,34953.0,34953.0,34721.0,1360
1991-01-14,34722.0,33322.0,34721.0,33322.0,2440
1991-01-15,33323.0,33323.0,33323.0,33323.0,120
1991-01-16,31925.0,32624.0,32624.0,31925.0,460
1991-01-17,33323.0,32624.0,33323.0,32624.0,2070
1991-01-18,34489.0,34721.0,34721.0,32623.0,5740
1991-01-19,33556.0,33790.0,33790.0,33557.0,310
1991-01-21,33323.0,32158.0,33323.0,32158.0,790
1991-01-22,32158.0,33091.0,33091.0,32159.0,790
1991-01-23,32158.0,32159.0,32159.0,32159.0,300
1991-01-24,33556.0,31925.0,33557.0,31925.0,3280
1991-01-25,32158.0,32858.0,33323.0,32159.0,2550
1991-01-26,32391.0,32391.0,32624.0,32158.0,340
1991-01-28,31925.0,32624.0,32857.0,31925.0,1770
1991-01-29,32391.0,32624.0,32624.0,32158.0,3380
1991-01-30,32391.0,32857.0,32857.0,32391.0,1100
1991-01-31,32158.0,32391.0,32391.0,32159.0,1610
1991-02-01,31925.0,32158.0,32158.0,31925.0,600
1991-02-02,32158.0,32159.0,32159.0,32159.0,490
1991-02-04,33090.0,32391.0,33091.0,32158.0,2070
1991-02-05,32857.0,32624.0,33091.0,32624.0,2660
1991-02-06,33790.0,33322.0,34021.0,33322.0,22160
1991-02-07,33790.0,34255.0,34255.0,33789.0,3150
1991-02-08,33790.0,33322.0,33789.0,33090.0,9080
1991-02-09,34955.0,34021.0,34953.0,34021.0,15170
1991-02-11,35654.0,34953.0,35886.0,34953.0,30520
1991-02-12,37518.0,35886.0,37517.0,35886.0,43800
1991-02-13,38217.0,37518.0,38450.0,37518.0,43560
1991-02-18,40081.0,39615.0,40082.0,39149.0,22290
1991-02-19,40314.0,38450.0,41014.0,38450.0,29560
1991-02-20,39615.0,40314.0,40314.0,38916.0,28410
1991-02-21,39382.0,39615.0,39615.0,38450.0,19800
1991-02-22,39848.0,41246.0,41246.0,39382.0,11540
1991-02-23,40314.0,38683.0,40314.0,38683.0,12930
1991-02-25,41013.0,40314.0,41246.0,40081.0,39210
1991-02-26,39848.0,40081.0,41013.0,39848.0,6570
1991-02-27,38217.0,39615.0,39615.0,38217.0,3520
1991-02-28,38217.0,38217.0,39615.0,38217.0,9080
1991-03-02,39382.0,38683.0,39615.0,38683.0,3830
1991-03-04,39848.0,40081.0,40081.0,39149.0,8560
1991-03-05,40081.0,39615.0,40314.0,39149.0,4580
1991-03-06,40547.0,39615.0,40547.0,39615.0,8410
1991-03-07,40314.0,40780.0,40780.0,40081.0,4870
1991-03-08,41246.0,40314.0,41479.0,40314.0,29420
1991-03-09,39848.0,41013.0,41246.0,39848.0,5120
1991-03-11,40547.0,39149.0,41246.0,39149.0,9200
1991-03-12,40314.0,40081.0,41014.0,40081.0,19200
1991-03-13,39615.0,39382.0,40314.0,39382.0,5990
1991-03-14,40081.0,39149.0,40314.0,39149.0,27450
1991-03-15,40547.0,40314.0,40780.0,39848.0,10120
1991-03-16,40547.0,40780.0,40780.0,40314.0,3960
1991-03-18,39615.0,40314.0,40314.0,39615.0,9250
1991-03-19,40081.0,38684.0,40314.0,38450.0,19790
1991-03-20,40081.0,39848.0,40082.0,39848.0,6790
1991-03-21,40081.0,39615.0,40082.0,39615.0,13290
1991-03-22,40081.0,40082.0,40547.0,40082.0,6700
1991-03-23,40081.0,39615.0,40082.0,39615.0,2210
1991-03-25,40081.0,40082.0,40082.0,39615.0,2070
1991-03-27,39848.0,39615.0,40081.0,39615.0,6280
1991-03-28,39615.0,39848.0,39848.0,39615.0,2600
1991-03-29,39149.0,39615.0,39615.0,39149.0,1470
1991-03-30,40081.0,39383.0,40082.0,39383.0,5900
1991-04-01,39615.0,39615.0,39848.0,39615.0,2710
1991-04-02,39615.0,39382.0,39615.0,39382.0,2300
1991-04-03,39382.0,39382.0,39382.0,39382.0,500
1991-04-04,40314.0,39382.0,40314.0,39382.0,4340
1991-04-06,39848.0,39848.0,39848.0,39615.0,420
1991-04-08,40081.0,39848.0,40082.0,39615.0,1300
1991-04-09,40081.0,39615.0,40082.0,39615.0,800
1991-04-10,39149.0,40082.0,40314.0,39149.0,1410
1991-04-11,39149.0,40082.0,40082.0,39149.0,1450
1991-04-12,39615.0,39615.0,39615.0,38217.0,2170
1991-04-13,39615.0,39615.0,39615.0,38450.0,1320
1991-04-15,39848.0,39848.0,39848.0,39848.0,880
1991-04-16,39848.0,39848.0,39848.0,39615.0,860
1991-04-17,39615.0,39615.0,39615.0,39615.0,710
1991-04-18,39615.0,39615.0,39615.0,39615.0,500
1991-04-19,39615.0,39615.0,39615.0,39382.0,920
1991-04-20,39615.0,39615.0,39615.0,39149.0,1360
1991-04-22,39615.0,39149.0,39615.0,38450.0,1930
1991-04-23,40314.0,39615.0,40314.0,39382.0,3390
1991-04-24,39615.0,40314.0,40547.0,38683.0,80320
1991-04-25,39615.0,39615.0,39615.0,39615.0,102140
1991-04-26,39615.0,39615.0,39615.0,38450.0,52150
1991-04-27,39615.0,39615.0,39615.0,39615.0,300
1991-04-29,39615.0,39615.0,39615.0,39615.0,790
1991-04-30,39615.0,39615.0,39615.0,39615.0,200
1991-05-01,39615.0,39615.0,39615.0,39615.0,200
1991-05-02,39615.0,39615.0,39615.0,39615.0,1000
1991-05-03,38683.0,38683.0,38683.0,38683.0,170
1991-05-04,38450.0,37285.0,38684.0,37285.0,570
1991-05-06,38450.0,37518.0,38450.0,37518.0,930
1991-05-07,39382.0,38450.0,39382.0,38217.0,1490
1991-05-08,39382.0,39382.0,39382.0,38916.0,950
1991-05-09,39382.0,38916.0,39382.0,38450.0,7650
1991-05-10,39149.0,39383.0,39383.0,39149.0,5300
1991-05-11,39149.0,39149.0,39149.0,39149.0,500
1991-05-13,38916.0,39149.0,39149.0,38916.0,500
1991-05-14,38683.0,38916.0,39149.0,38683.0,25000
1991-05-15,38450.0,39149.0,39149.0,38450.0,3170
1991-05-16,38916.0,38450.0,38916.0,38450.0,1750
1991-05-17,39149.0,38916.0,39149.0,38916.0,30500
1991-05-18,38450.0,37751.0,38684.0,37751.0,220
1991-05-20,38217.0,38217.0,38217.0,38217.0,200
1991-05-22,38683.0,37984.0,38683.0,37984.0,1430
1991-05-23,38683.0,38450.0,38683.0,37984.0,1460
1991-05-24,38450.0,38684.0,38684.0,38450.0,800
1991-05-25,38450.0,38450.0,38450.0,38450.0,2860
1991-05-27,37984.0,38450.0,38683.0,37984.0,4340
1991-05-28,37751.0,37751.0,37751.0,37751.0,20
1991-05-29,37751.0,37751.0,37751.0,37751.0,0
1991-05-30,37518.0,36818.0,37517.0,36818.0,110
1991-05-31,36819.0,36818.0,36818.0,36818.0,100
1991-06-01,36819.0,36818.0,36818.0,36818.0,0
1991-06-03,36120.0,36119.0,36119.0,36119.0,470
1991-06-04,36120.0,36119.0,36119.0,36119.0,0
1991-06-05,36586.0,36119.0,36818.0,36119.0,300
1991-06-07,36586.0,36584.0,36584.0,36584.0,0
1991-06-08,35188.0,35420.0,35420.0,35187.0,770
1991-06-10,34955.0,34953.0,34953.0,34953.0,70
1991-06-11,35188.0,35187.0,35187.0,35187.0,130
1991-06-12,34955.0,35186.0,35186.0,34953.0,140
1991-06-13,34955.0,34953.0,34953.0,34953.0,100
1991-06-14,34955.0,34953.0,34953.0,34953.0,0
1991-06-15,34955.0,34953.0,34953.0,34953.0,0
1991-06-17,34955.0,34953.0,34953.0,34953.0,0
1991-06-18,34955.0,34953.0,34953.0,34721.0,4000
1991-06-19,34955.0,34953.0,34953.0,34953.0,200
1991-06-21,35887.0,34953.0,35885.0,34953.0,60
1991-06-22,35654.0,35652.0,35652.0,35652.0,0
1991-06-24,34955.0,34953.0,34953.0,34953.0,0
1991-06-25,34955.0,34953.0,34953.0,34953.0,550
1991-06-26,34955.0,33788.0,34953.0,33788.0,10550
1991-06-27,34955.0,34721.0,34953.0,34721.0,6030
1991-06-28,34722.0,34953.0,34953.0,34721.0,15310
1991-06-29,34023.0,34254.0,34254.0,34021.0,190
1991-07-01,34955.0,34953.0,34953.0,34953.0,250
1991-07-02,35421.0,35420.0,35420.0,35420.0,100
1991-07-03,34256.0,34254.0,34254.0,34254.0,100
1991-07-04,34256.0,34254.0,34254.0,34254.0,0
1991-07-05,35421.0,35420.0,35420.0,35420.0,10
1991-07-06,35654.0,35652.0,35652.0,35652.0,500
1991-07-08,35887.0,35652.0,35885.0,35652.0,1200
1991-07-09,35887.0,36119.0,36119.0,35885.0,2030
1991-07-10,35654.0,35652.0,35652.0,35652.0,500
1991-07-11,34955.0,35885.0,35885.0,34953.0,240
1991-07-12,34955.0,35186.0,35186.0,34487.0,1900
1991-07-13,34955.0,34953.0,34953.0,34953.0,430
1991-07-15,35421.0,35420.0,36818.0,35187.0,3340
1991-07-16,35421.0,35420.0,35420.0,34953.0,310
1991-07-18,36120.0,35420.0,36119.0,35420.0,1860
1991-07-19,36120.0,36585.0,36818.0,36119.0,660
1991-07-20,35654.0,36119.0,36119.0,35652.0,2610
1991-07-22,35421.0,35652.0,36119.0,34953.0,1720
1991-07-23,34955.0,35420.0,35420.0,34953.0,2800
1991-07-24,34955.0,35186.0,35652.0,34953.0,4770
1991-07-25,35654.0,35652.0,36119.0,35652.0,4070
1991-07-26,36819.0,35653.0,36818.0,35653.0,6200
1991-07-27,37984.0,37285.0,37984.0,37285.0,5650
1991-07-29,38450.0,38450.0,38450.0,37984.0,24660
1991-07-30,38916.0,38916.0,39382.0,38683.0,21050
1991-07-31,37751.0,38450.0,38450.0,37751.0,11900
1991-08-01,38217.0,36585.0,38217.0,36120.0,3700
1991-08-02,38450.0,37285.0,38684.0,37285.0,8220
1991-08-03,37751.0,38217.0,38916.0,37285.0,2350
1991-08-05,37518.0,37751.0,37751.0,37517.0,520
1991-08-06,37984.0,37984.0,38450.0,37984.0,23660
1991-08-07,38683.0,38450.0,38916.0,38217.0,34400
1991-08-08,39848.0,40081.0,40081.0,38916.0,18390
1991-08-09,41480.0,40313.0,41478.0,40313.0,36220
1991-08-10,40081.0,41713.0,41713.0,39615.0,11560
1991-08-12,38450.0,40082.0,40547.0,38450.0,8570
1991-08-13,39615.0,38450.0,39615.0,38450.0,5190
1991-08-14,39382.0,39615.0,39615.0,37984.0,1760
1991-08-16,39382.0,37751.0,39382.0,37751.0,1960
1991-08-17,39149.0,37518.0,39383.0,37518.0,80
1991-08-19,37518.0,39149.0,39149.0,37284.0,2290
1991-08-20,37518.0,35653.0,37517.0,35653.0,5380
1991-08-21,37518.0,39149.0,39149.0,37517.0,690
1991-08-22,38916.0,37983.0,38916.0,37983.0,1400
1991-08-23,38683.0,38217.0,38683.0,37984.0,11600
1991-08-24,37285.0,37750.0,37750.0,37283.0,940
1991-08-26,37984.0,37285.0,37984.0,36819.0,7080
1991-08-27,36819.0,37750.0,37750.0,36818.0,1700
1991-08-28,36353.0,37284.0,37517.0,36351.0,5150
1991-08-29,37285.0,37283.0,37283.0,37283.0,2840
1991-08-30,36353.0,37750.0,38216.0,36351.0,1050
1991-08-31,37518.0,37517.0,37517.0,37517.0,900
1991-09-02,36353.0,36351.0,36585.0,36351.0,3250
1991-09-03,35887.0,36351.0,36351.0,35885.0,1380
1991-09-04,35421.0,35886.0,35886.0,35420.0,4110
1991-09-05,34955.0,35420.0,35420.0,34953.0,6280
1991-09-06,34722.0,34953.0,35187.0,34721.0,1510
1991-09-07,35887.0,34721.0,35885.0,34721.0,2760
1991-09-09,36353.0,34953.0,36351.0,34953.0,2080
1991-09-10,36353.0,35420.0,36351.0,35420.0,2350
1991-09-11,36353.0,36351.0,36351.0,36351.0,1000
1991-09-12,36353.0,35420.0,36351.0,35420.0,3490
1991-09-13,36353.0,36351.0,36351.0,36351.0,600
1991-09-14,36353.0,35652.0,36351.0,35652.0,2360
1991-09-16,36819.0,35886.0,36818.0,35886.0,2160
1991-09-17,36586.0,36584.0,36584.0,36584.0,1000
1991-09-18,36120.0,36119.0,36119.0,36119.0,1020
1991-09-19,36819.0,36119.0,36818.0,36119.0,2130
1991-09-20,37285.0,36584.0,37283.0,36584.0,2860
1991-09-24,36819.0,36818.0,36818.0,36818.0,280
1991-09-25,35887.0,35885.0,35885.0,35885.0,2180
1991-09-26,36819.0,35886.0,36818.0,35886.0,520
1991-09-27,37285.0,36818.0,37283.0,36818.0,1060
1991-09-28,37751.0,36819.0,37751.0,36819.0,2330
1991-09-30,38683.0,37518.0,38683.0,37285.0,1740
1991-10-01,38683.0,38683.0,38683.0,38683.0,50
1991-10-02,38683.0,37285.0,38683.0,37285.0,2270
1991-10-04,38916.0,38450.0,38916.0,38450.0,2490
1991-10-05,38683.0,38683.0,38683.0,38683.0,100
1991-10-07,38683.0,38683.0,38683.0,38683.0,0
1991-10-08,38683.0,38683.0,38683.0,38683.0,4000
1991-10-09,38683.0,38217.0,38683.0,38217.0,1300
1991-10-10,38683.0,37285.0,38683.0,37285.0,1110
1991-10-11,38217.0,38217.0,38217.0,37284.0,2710
1991-10-12,37984.0,37984.0,37984.0,37984.0,0
1991-10-14,37984.0,37984.0,37984.0,37052.0,1430
1991-10-15,38450.0,38217.0,38450.0,36353.0,2800
1991-10-16,38450.0,37285.0,38450.0,37285.0,2190
1991-10-17,37984.0,37285.0,37984.0,37285.0,1450
1991-10-18,37285.0,37283.0,37283.0,37283.0,1100
1991-10-19,37751.0,37052.0,38450.0,37052.0,2550
1991-10-21,37984.0,38450.0,38450.0,37984.0,6680
1991-10-22,37751.0,38217.0,38217.0,37751.0,4670
1991-10-23,38217.0,37284.0,38217.0,37284.0,15890
1991-10-24,38217.0,37751.0,38217.0,37518.0,6720
1991-10-25,37751.0,36353.0,37984.0,36353.0,9430
1991-10-26,37751.0,36586.0,37751.0,36586.0,2260
1991-10-28,38450.0,38450.0,38450.0,38450.0,360
1991-10-29,38217.0,37518.0,38217.0,37518.0,12500
1991-10-30,37751.0,37751.0,37751.0,37751.0,15290
1991-10-31,37751.0,38450.0,38684.0,37751.0,3590
1991-11-01,37751.0,37285.0,37751.0,37285.0,2190
1991-11-02,37751.0,37751.0,37751.0,37751.0,0
1991-11-04,37751.0,37285.0,38450.0,37285.0,21030
1991-11-05,37518.0,37751.0,37751.0,37284.0,11790
1991-11-06,37518.0,37751.0,37751.0,37517.0,11830
1991-11-07,38450.0,37285.0,38450.0,36819.0,26060
1991-11-08,40314.0,38916.0,40314.0,38916.0,23180
1991-11-09,40314.0,41246.0,41945.0,40314.0,40050
1991-11-11,40547.0,40081.0,40547.0,39848.0,21400
1991-11-12,42412.0,40546.0,42411.0,40546.0,76300
1991-11-13,41946.0,42876.0,43575.0,41944.0,71820
1991-11-14,40314.0,41945.0,42178.0,40314.0,8820
1991-11-15,40780.0,40314.0,41014.0,40314.0,10250
1991-11-16,39149.0,40781.0,40781.0,39149.0,4250
1991-11-18,37751.0,39149.0,39149.0,37751.0,1940
1991-11-19,38450.0,37984.0,39149.0,37751.0,22790
1991-11-20,38217.0,38683.0,39149.0,38217.0,24600
1991-11-21,38683.0,38450.0,38916.0,38450.0,4040
1991-11-22,40081.0,37984.0,40082.0,37984.0,16190
1991-11-23,40081.0,40314.0,40314.0,39149.0,10500
1991-11-25,39615.0,38916.0,39848.0,38916.0,350
1991-11-26,38683.0,39615.0,39615.0,38683.0,2400
1991-11-27,38683.0,37984.0,38916.0,37984.0,3570
1991-11-28,39382.0,39382.0,39382.0,38217.0,11650
1991-11-29,38916.0,38916.0,38916.0,38916.0,4600
1991-11-30,38916.0,38916.0,38916.0,38683.0,3150
1991-12-02,39149.0,38684.0,39149.0,38450.0,2390
1991-12-03,38683.0,39382.0,39382.0,38450.0,6710
1991-12-04,38450.0,38217.0,38450.0,37984.0,4180
1991-12-05,38217.0,37284.0,38450.0,37284.0,1110
1991-12-06,38450.0,38217.0,38684.0,37984.0,1070
1991-12-07,37285.0,38216.0,38216.0,37283.0,105940
1991-12-09,36586.0,37283.0,37283.0,36584.0,580
1991-12-10,37984.0,38450.0,38450.0,37285.0,1220
1991-12-11,38683.0,37984.0,38916.0,37984.0,10760
1991-12-12,39149.0,38684.0,39383.0,38684.0,2240
1991-12-13,39149.0,38684.0,39149.0,38684.0,111280
1991-12-14,38916.0,38916.0,38916.0,38916.0,0
1991-12-16,38217.0,37284.0,39149.0,37284.0,4660
1991-12-17,38217.0,36585.0,38217.0,36585.0,2020
1991-12-18,37984.0,37052.0,37984.0,36819.0,300
1991-12-19,37984.0,36120.0,38683.0,36120.0,8070
1991-12-20,37984.0,38683.0,38683.0,37984.0,390
1991-12-21,37984.0,37984.0,37984.0,37518.0,8100
1991-12-23,37751.0,37518.0,37751.0,37285.0,14000
1991-12-24,38916.0,37751.0,38916.0,37751.0,5880
1991-12-26,40081.0,38916.0,40082.0,38684.0,14610
1992-01-03,40780.0,40082.0,40781.0,40082.0,1850
1992-01-04,42645.0,42644.0,42644.0,42644.0,5140
1992-01-06,44509.0,43109.0,44507.0,41478.0,20900
1992-01-07,43810.0,44741.0,45440.0,43808.0,14150
1992-01-08,41946.0,43110.0,43110.0,41944.0,5410
1992-01-09,41480.0,41245.0,41478.0,41245.0,3050
1992-01-10,41246.0,41479.0,41479.0,41246.0,1100
1992-01-11,41246.0,39615.0,41246.0,39615.0,2250
1992-01-13,41246.0,39615.0,41246.0,39615.0,4370
1992-01-14,42645.0,41245.0,42644.0,40779.0,58320
1992-01-15,42645.0,42644.0,42644.0,41944.0,42560
1992-01-16,44043.0,43576.0,44508.0,42877.0,75250
1992-01-17,45907.0,44043.0,45907.0,44043.0,77010
1992-01-18,46839.0,47072.0,47771.0,46606.0,55940
1992-01-20,46839.0,46373.0,47305.0,45674.0,40450
1992-01-21,47072.0,44975.0,47771.0,44975.0,46820
1992-01-22,48237.0,47072.0,49402.0,46606.0,110780
1992-01-23,49170.0,49168.0,50334.0,48702.0,57110
1992-01-24,48004.0,48238.0,48238.0,47771.0,7920
1992-01-25,48237.0,46839.0,48238.0,46606.0,18030
1992-01-27,48470.0,48470.0,48936.0,48004.0,22610
1992-01-28,47538.0,48703.0,48703.0,47538.0,21220
1992-01-29,47538.0,47538.0,47538.0,46606.0,15070
1992-01-30,46606.0,46606.0,48004.0,46606.0,14350
1992-01-31,48470.0,47538.0,48703.0,47538.0,87200
1992-02-01,50102.0,50100.0,50799.0,49634.0,32690
1992-02-06,50102.0,50333.0,51266.0,50100.0,39880
1992-02-07,49869.0,48936.0,50100.0,48936.0,1680
1992-02-08,49636.0,49868.0,50101.0,49635.0,5300
1992-02-10,48937.0,48004.0,48936.0,48004.0,3930
1992-02-11,48237.0,48937.0,48937.0,46606.0,23530
1992-02-12,48703.0,48005.0,48704.0,48005.0,67340
1992-02-13,48004.0,49403.0,49403.0,47072.0,24070
1992-02-14,48004.0,47306.0,48005.0,46607.0,3940
1992-02-15,46606.0,46140.0,46606.0,46140.0,260
1992-02-17,46373.0,46607.0,46607.0,45674.0,2570
1992-02-18,45208.0,46373.0,46373.0,45208.0,1490
1992-02-19,45907.0,44742.0,45907.0,44742.0,2060
1992-02-20,44975.0,45207.0,45207.0,44974.0,470
1992-02-21,44975.0,44741.0,45906.0,44741.0,1660
1992-02-22,45907.0,45907.0,46140.0,45907.0,1840
1992-02-24,45907.0,46140.0,46373.0,45907.0,3650
1992-02-25,45907.0,46606.0,46606.0,45907.0,1090
1992-02-26,45907.0,45907.0,45907.0,45907.0,40
1992-02-27,47305.0,45907.0,47538.0,45907.0,24310
1992-02-28,49636.0,47537.0,49635.0,47537.0,105570
1992-02-29,48937.0,50800.0,51266.0,48703.0,42520
1992-03-02,49170.0,49635.0,50334.0,48702.0,60860
1992-03-03,48703.0,49169.0,50335.0,48704.0,42880
1992-03-04,48937.0,48004.0,49635.0,48004.0,2610
1992-03-05,48937.0,48469.0,49635.0,48004.0,37260
1992-03-06,48004.0,47538.0,48704.0,47538.0,5290
1992-03-07,46606.0,48937.0,48937.0,46140.0,1950
1992-03-09,46606.0,44509.0,47305.0,44509.0,7920
1992-03-11,46606.0,44742.0,46606.0,44742.0,6560
1992-03-12,46373.0,44509.0,46373.0,44509.0,60
1992-03-13,46140.0,45441.0,46373.0,45207.0,14170
1992-03-14,45907.0,45441.0,45907.0,45441.0,6250
1992-03-16,46373.0,44975.0,46373.0,44975.0,7370
1992-03-17,47072.0,46373.0,47072.0,45207.0,18480
1992-03-18,49403.0,47071.0,49401.0,47071.0,39660
1992-03-19,50335.0,50800.0,51499.0,50334.0,122400
1992-03-20,49636.0,50334.0,50334.0,48469.0,24840
1992-03-21,48937.0,49868.0,49868.0,48469.0,15190
1992-03-23,49636.0,48936.0,50101.0,48469.0,25630
1992-03-25,51966.0,49635.0,51965.0,49635.0,55850
1992-03-26,54296.0,54063.0,54296.0,53597.0,29880
1992-03-27,52432.0,56625.0,56625.0,52430.0,101820
1992-03-28,53131.0,52432.0,54296.0,51966.0,125910
1992-03-30,55461.0,53597.0,55462.0,53597.0,70270
1992-03-31,55694.0,53830.0,55927.0,53130.0,46970
1992-04-01,53597.0,55928.0,56393.0,53597.0,73860
1992-04-02,51267.0,53596.0,53596.0,51266.0,51080
1992-04-03,48937.0,49402.0,50101.0,48936.0,43290
1992-04-04,48703.0,47771.0,48937.0,47771.0,11770
1992-04-06,48703.0,48704.0,49169.0,48704.0,12890
1992-04-07,48703.0,48704.0,48704.0,47771.0,7860
1992-04-08,48703.0,49169.0,49169.0,46607.0,5040
1992-04-09,50568.0,48936.0,51033.0,48702.0,36700
1992-04-10,49403.0,50100.0,50100.0,48469.0,22390
1992-04-11,49403.0,48236.0,49401.0,47770.0,10740
1992-04-13,48937.0,47770.0,50101.0,47770.0,54950
1992-04-14,48937.0,48936.0,50101.0,48237.0,87680
1992-04-15,48237.0,48238.0,48937.0,48238.0,4640
1992-04-16,48703.0,48937.0,48937.0,48470.0,11830
1992-04-17,47771.0,48936.0,48936.0,47771.0,1800
1992-04-18,47771.0,47771.0,47771.0,46839.0,7520
1992-04-20,48237.0,47538.0,48937.0,47538.0,5870
1992-04-21,48237.0,48470.0,48703.0,48238.0,7550
1992-04-22,48937.0,47305.0,49168.0,47305.0,34190
1992-04-23,48937.0,49168.0,49168.0,48703.0,48910
1992-04-24,48937.0,48936.0,51033.0,48703.0,143360
1992-04-25,48470.0,49635.0,49635.0,48237.0,13910
1992-04-27,46373.0,48470.0,48704.0,46140.0,50540
1992-04-28,46373.0,45441.0,46373.0,45441.0,37580
1992-04-29,47538.0,46373.0,47538.0,45907.0,60280
1992-04-30,46140.0,48470.0,48470.0,46140.0,13130
1992-05-01,46606.0,46140.0,47072.0,46140.0,15210
1992-05-02,46140.0,47072.0,47072.0,46140.0,3650
1992-05-04,47538.0,46140.0,48004.0,46140.0,36240
1992-05-06,48004.0,48005.0,48704.0,48005.0,42300
1992-05-07,46606.0,48004.0,48004.0,46606.0,9050
1992-05-08,46606.0,45441.0,46606.0,45441.0,51870
1992-05-09,46606.0,46606.0,47072.0,46140.0,10350
1992-05-11,46606.0,46606.0,46606.0,45907.0,8570
1992-05-12,46140.0,47072.0,47072.0,46140.0,7630
1992-05-13,46606.0,46140.0,46606.0,46140.0,6590
1992-05-14,48937.0,47071.0,48936.0,47071.0,122990
1992-05-15,50335.0,50101.0,51033.0,50101.0,105450
1992-05-16,51500.0,50100.0,51498.0,48936.0,91840
1992-05-18,53830.0,51966.0,53830.0,51499.0,118780
1992-05-19,54762.0,55927.0,56161.0,53830.0,194620
1992-05-20,53131.0,55462.0,56161.0,52665.0,134310
1992-05-21,51267.0,53130.0,53130.0,50800.0,48560
1992-05-22,49403.0,50100.0,51965.0,49401.0,22700
1992-05-23,50335.0,49402.0,50567.0,49402.0,23560
1992-05-25,49403.0,48469.0,50567.0,48003.0,14150
1992-05-26,48470.0,48004.0,49635.0,48004.0,21170
1992-05-27,49403.0,48003.0,49634.0,48003.0,11640
1992-05-28,49869.0,47071.0,49868.0,47071.0,8020
1992-05-29,50335.0,49635.0,50334.0,48936.0,11530
1992-05-30,50801.0,49868.0,50799.0,49168.0,11720
1992-06-01,48937.0,51266.0,51266.0,48936.0,2890
1992-06-02,49403.0,50100.0,50100.0,48469.0,7870
1992-06-03,49869.0,49168.0,50100.0,49168.0,17860
1992-06-04,48703.0,49636.0,49869.0,48704.0,11730
1992-06-05,48470.0,47305.0,49402.0,47305.0,2900
1992-06-08,48937.0,48469.0,48936.0,48004.0,21490
1992-06-09,49403.0,47770.0,49401.0,47071.0,15300
1992-06-10,49636.0,48936.0,49635.0,48936.0,5420
1992-06-11,50102.0,49168.0,51032.0,48935.0,8190
1992-06-12,50335.0,50101.0,50334.0,49402.0,10840
1992-06-13,50801.0,50100.0,50799.0,49868.0,6690
1992-06-15,50335.0,49868.0,50334.0,49635.0,12410
1992-06-16,48470.0,48470.0,48470.0,48470.0,10
1992-06-17,46839.0,46606.0,48237.0,46606.0,6010
1992-06-18,46606.0,46839.0,46839.0,46606.0,8410
1992-06-19,46140.0,46140.0,47072.0,46140.0,2910
1992-06-20,45441.0,46140.0,46140.0,44975.0,5290
1992-06-22,44043.0,45673.0,45673.0,44042.0,1670
1992-06-23,44276.0,44042.0,45906.0,44042.0,3170
1992-06-24,43344.0,44275.0,44275.0,43343.0,5450
1992-06-25,43344.0,43343.0,43343.0,41944.0,16150
1992-06-26,44043.0,43343.0,44042.0,42877.0,5260
1992-06-27,44276.0,44275.0,44275.0,43809.0,3670
1992-06-29,43810.0,42410.0,44741.0,42410.0,3390
1992-06-30,43577.0,43575.0,43575.0,43575.0,3290
1992-07-01,44742.0,43576.0,45207.0,43343.0,19320
1992-07-02,43577.0,43575.0,45207.0,43575.0,5770
1992-07-03,43577.0,43110.0,44275.0,43110.0,1720
1992-07-04,43810.0,43575.0,43808.0,43575.0,670
1992-07-06,43111.0,43110.0,43110.0,43110.0,250
1992-07-07,43111.0,42411.0,43110.0,42411.0,6500
1992-07-08,43111.0,42411.0,43110.0,42411.0,440
1992-07-09,42412.0,43110.0,43110.0,41479.0,1280
1992-07-10,41946.0,41944.0,41944.0,41944.0,820
1992-07-11,42645.0,41944.0,42644.0,41944.0,2100
1992-07-13,42179.0,42177.0,42177.0,42177.0,0
1992-07-14,42179.0,40546.0,42410.0,40546.0,1220
1992-07-15,41246.0,41246.0,41246.0,41246.0,500
1992-07-16,41246.0,41246.0,41246.0,39615.0,420
1992-07-18,40314.0,40314.0,40314.0,40314.0,0
1992-07-20,38450.0,41246.0,41246.0,38450.0,7560
1992-07-21,39615.0,39615.0,39615.0,38450.0,22450
1992-07-22,40547.0,40081.0,40547.0,39615.0,13170
1992-07-23,40780.0,41014.0,41480.0,40547.0,25760
1992-07-24,39848.0,40780.0,40780.0,39615.0,940
1992-07-25,39848.0,39848.0,39848.0,39848.0,2270
1992-07-27,40547.0,38450.0,40547.0,38450.0,8160
1992-07-28,41246.0,40547.0,41246.0,39615.0,6440
1992-07-29,39615.0,39615.0,39615.0,39615.0,790
1992-07-30,38683.0,38683.0,40547.0,38683.0,1300
1992-07-31,39149.0,38916.0,39149.0,38916.0,1100
1992-08-01,38217.0,38217.0,38217.0,38217.0,710
1992-08-03,37518.0,36352.0,38216.0,36352.0,3070
1992-08-04,37285.0,37051.0,37750.0,37051.0,790
1992-08-05,36120.0,36818.0,36818.0,36119.0,460
1992-08-06,36819.0,36585.0,36818.0,34721.0,3280
1992-08-07,37285.0,37283.0,37283.0,37283.0,1000
1992-08-08,37285.0,37283.0,37283.0,37283.0,2000
1992-08-10,38450.0,37285.0,38450.0,37052.0,1380
1992-08-11,37285.0,38449.0,38449.0,37283.0,250
1992-08-12,37285.0,37283.0,37283.0,37283.0,130
1992-08-13,37052.0,37051.0,37051.0,36351.0,630
1992-08-14,35887.0,37051.0,37051.0,35885.0,30
1992-08-17,35188.0,34021.0,35187.0,34021.0,3960
1992-08-18,36353.0,34488.0,36585.0,34488.0,4380
1992-08-19,38217.0,36352.0,38217.0,36352.0,4410
1992-08-20,38217.0,38217.0,39615.0,38217.0,7000
1992-08-21,38450.0,38684.0,38684.0,36353.0,740
1992-08-22,38217.0,36585.0,38450.0,36585.0,3350
1992-08-24,39149.0,38916.0,39383.0,38217.0,4680
1992-08-25,41013.0,39615.0,41014.0,39615.0,9580
1992-08-26,42878.0,42410.0,42876.0,42177.0,10570
1992-08-27,44742.0,44275.0,44741.0,44275.0,12000
1992-08-28,46373.0,46607.0,46607.0,45441.0,27210
1992-08-29,48004.0,46373.0,48238.0,46373.0,6740
1992-08-31,50102.0,48469.0,50333.0,47770.0,38790
1992-09-01,48470.0,50334.0,50334.0,48470.0,160
1992-09-02,47771.0,46140.0,47771.0,46140.0,4910
1992-09-03,48937.0,48936.0,48936.0,46605.0,15580
1992-09-04,48937.0,46605.0,48936.0,46605.0,10750
1992-09-05,48937.0,47770.0,48936.0,47770.0,20000
1992-09-07,50335.0,48936.0,50334.0,48936.0,10200
1992-09-08,50102.0,50100.0,50100.0,50100.0,0
1992-09-09,47771.0,48470.0,48936.0,47771.0,19260
1992-09-14,48937.0,47770.0,48936.0,47770.0,2300
1992-09-15,48937.0,48936.0,48936.0,48936.0,0
1992-09-16,48703.0,48704.0,48704.0,48704.0,3000
1992-09-17,48470.0,48470.0,48470.0,48470.0,0
1992-09-18,48470.0,48470.0,48470.0,48470.0,0
1992-09-19,48470.0,48004.0,48470.0,48004.0,2160
1992-09-21,46373.0,47771.0,48238.0,46373.0,9900
1992-09-22,46373.0,45907.0,46373.0,45907.0,26810
1992-09-23,47771.0,46606.0,47771.0,46606.0,53500
1992-09-24,48470.0,47771.0,48470.0,46839.0,28650
1992-09-25,46839.0,48470.0,48470.0,46839.0,1600
1992-09-26,46606.0,46140.0,46606.0,45674.0,1940
1992-09-28,46606.0,46606.0,46606.0,46606.0,100
1992-09-29,47538.0,47538.0,47538.0,47538.0,100
1992-09-30,47305.0,46607.0,47306.0,46607.0,6830
1992-10-01,47072.0,47072.0,47072.0,47072.0,0
1992-10-02,47072.0,47072.0,47072.0,47072.0,0
1992-10-05,47072.0,47072.0,47072.0,47072.0,0
1992-10-06,46606.0,46606.0,46606.0,46606.0,0
1992-10-07,47538.0,46606.0,47538.0,46606.0,360
1992-10-08,48470.0,48004.0,48470.0,47538.0,37890
1992-10-09,48004.0,48005.0,48470.0,48005.0,480
1992-10-10,48004.0,47072.0,48005.0,46607.0,270
1992-10-12,45674.0,47306.0,47306.0,45674.0,330
1992-10-13,44975.0,44741.0,46372.0,44741.0,220
1992-10-14,46839.0,44975.0,46839.0,44975.0,5250
1992-10-15,48937.0,46838.0,48936.0,45673.0,3580
1992-10-16,48703.0,47072.0,48704.0,46607.0,1570
1992-10-17,46373.0,48704.0,48704.0,46373.0,4890
1992-10-19,48004.0,45441.0,48238.0,45441.0,12880
1992-10-20,47771.0,47771.0,47771.0,47072.0,7090
1992-10-21,50102.0,46605.0,50100.0,46605.0,54780
1992-10-22,51733.0,50567.0,51731.0,50100.0,55960
1992-10-23,54063.0,51267.0,54063.0,51033.0,38300
1992-10-24,52432.0,52430.0,53596.0,51965.0,14300
1992-10-26,54762.0,52432.0,54762.0,52432.0,58740
1992-10-27,54995.0,54995.0,55694.0,54995.0,5370
1992-10-28,54762.0,52665.0,54762.0,52665.0,20
1992-10-29,52898.0,52898.0,55928.0,52432.0,98040
1992-10-30,52898.0,52898.0,52898.0,50568.0,132510
1992-10-31,51267.0,53130.0,53130.0,51266.0,284140
1992-11-02,50102.0,48935.0,51731.0,48935.0,2990
1992-11-03,50102.0,50100.0,51266.0,48935.0,5840
1992-11-04,51267.0,48936.0,51266.0,48936.0,11440
1992-11-05,51034.0,51266.0,51731.0,48935.0,43700
1992-11-06,51034.0,51266.0,51731.0,51032.0,40970
1992-11-07,50568.0,51266.0,52431.0,50567.0,56260
1992-11-09,51267.0,49868.0,51499.0,49868.0,46390
1992-11-10,52199.0,51965.0,52431.0,51266.0,68300
1992-11-11,50102.0,51965.0,51965.0,50100.0,34570
1992-11-12,48703.0,50568.0,50568.0,48704.0,41400
1992-11-13,50102.0,48003.0,50100.0,48003.0,8010
1992-11-14,50102.0,49401.0,50100.0,49401.0,4560
1992-11-16,49869.0,50100.0,50100.0,48003.0,160
1992-11-17,48937.0,48936.0,51033.0,48936.0,1850
1992-11-18,50102.0,48935.0,50100.0,48469.0,18500
1992-11-19,50568.0,50567.0,50567.0,50567.0,1020
1992-11-20,48470.0,50101.0,50101.0,48470.0,15730
1992-11-21,48703.0,48470.0,49169.0,48470.0,30550
1992-11-23,47771.0,48936.0,50101.0,47771.0,7550
1992-11-24,48470.0,47538.0,48470.0,47538.0,480
1992-11-25,48470.0,48470.0,48936.0,48470.0,3300
1992-11-26,49636.0,46606.0,49635.0,46606.0,5770
1992-11-27,48703.0,48937.0,48937.0,48704.0,310
1992-11-28,49869.0,49868.0,49868.0,49868.0,10
1992-11-30,50568.0,48936.0,51266.0,48936.0,10700
1992-12-01,51267.0,51266.0,52431.0,50567.0,45700
1992-12-02,50102.0,50100.0,51266.0,50100.0,13430
1992-12-03,50568.0,50567.0,50567.0,48936.0,37240
1992-12-04,50102.0,50333.0,50567.0,49401.0,6130
1992-12-05,48237.0,48937.0,48937.0,48238.0,1250
1992-12-07,48237.0,46606.0,50568.0,46606.0,680
1992-12-08,47771.0,48004.0,48936.0,47538.0,30080
1992-12-09,48703.0,48937.0,48937.0,48005.0,6010
1992-12-10,50102.0,48702.0,50100.0,48702.0,27630
1992-12-11,50102.0,50100.0,50100.0,49401.0,17300
1992-12-12,50801.0,50799.0,50799.0,50799.0,9000
1992-12-14,51267.0,51266.0,51266.0,50101.0,124370
1992-12-15,50102.0,51266.0,51266.0,50100.0,1280
1992-12-16,50102.0,50100.0,51266.0,49634.0,6860
1992-12-17,51267.0,48936.0,51266.0,48936.0,31200
1992-12-19,51267.0,53596.0,53596.0,51266.0,16100
1992-12-21,51267.0,50101.0,51266.0,50101.0,12920
1992-12-22,52432.0,51266.0,52430.0,51266.0,28580
1992-12-23,52432.0,52664.0,52897.0,51266.0,23770
1992-12-24,50335.0,52431.0,52431.0,50334.0,17600
1992-12-26,51034.0,51266.0,51498.0,51032.0,4180
1992-12-28,49869.0,51033.0,52198.0,49868.0,129190
1993-01-04,52255.0,50345.0,52254.0,50345.0,10370
1993-01-05,52255.0,50345.0,52254.0,50345.0,5310
1993-01-06,51539.0,52015.0,52015.0,51538.0,6000
1993-01-07,52016.0,51539.0,52493.0,51539.0,14850
1993-01-08,52016.0,51539.0,52493.0,51539.0,7170
1993-01-09,52493.0,52493.0,53686.0,52493.0,28360
1993-01-11,52971.0,52492.0,52969.0,52015.0,8900
1993-01-12,53686.0,52970.0,53925.0,52493.0,44730
1993-01-13,55357.0,53686.0,56071.0,53686.0,220180
1993-01-14,53686.0,55118.0,56072.0,53687.0,18520
1993-01-15,53448.0,52492.0,53685.0,52492.0,20520
1993-01-16,53209.0,53209.0,53686.0,53209.0,16780
1993-01-18,53209.0,53686.0,54163.0,53209.0,22470
1993-01-19,53448.0,53208.0,53447.0,53208.0,7400
1993-01-20,52493.0,53686.0,53686.0,52493.0,1400
1993-01-21,51539.0,53208.0,53685.0,51538.0,7430
1993-01-25,53448.0,51777.0,53685.0,51777.0,660
1993-01-26,52971.0,53447.0,53447.0,51777.0,3010
1993-01-27,52493.0,52970.0,53448.0,52493.0,9550
1993-01-28,51777.0,52493.0,52970.0,51778.0,4130
1993-01-29,51539.0,53924.0,53924.0,51538.0,1510
1993-01-30,50823.0,50823.0,52254.0,50823.0,1120
1993-02-01,50107.0,51062.0,51300.0,50108.0,2170
1993-02-02,51300.0,50346.0,51300.0,49391.0,23520
1993-02-03,51062.0,51299.0,52015.0,51060.0,4210
1993-02-04,50823.0,51061.0,51061.0,50823.0,3620
1993-02-05,51777.0,50823.0,52016.0,50823.0,9460
1993-02-06,51300.0,51778.0,52255.0,51300.0,5280
1993-02-08,51300.0,51300.0,52016.0,51300.0,4590
1993-02-09,52016.0,51300.0,52016.0,51300.0,2600
1993-02-10,50823.0,50584.0,52016.0,50584.0,660
1993-02-11,51777.0,51061.0,51778.0,50823.0,3930
1993-02-12,51300.0,51539.0,51539.0,51300.0,80
1993-02-13,51777.0,49391.0,51778.0,49391.0,20
1993-02-15,50346.0,51777.0,51777.0,50345.0,850
1993-02-16,51300.0,50584.0,51300.0,50584.0,5680
1993-02-17,50584.0,49153.0,50585.0,49153.0,120
1993-02-18,48914.0,49391.0,49391.0,48914.0,780
1993-02-19,51300.0,48914.0,51300.0,48914.0,15410
1993-02-20,51300.0,50823.0,52255.0,50823.0,11450
1993-02-22,51539.0,51777.0,51777.0,51538.0,610
1993-02-23,51300.0,51539.0,51539.0,50107.0,6120
1993-02-24,50107.0,51300.0,51300.0,49869.0,2840
1993-02-25,49391.0,50107.0,50107.0,49152.0,4460
1993-02-26,48914.0,50108.0,50108.0,48914.0,2630
1993-02-27,47960.0,49390.0,49390.0,47958.0,1690
1993-03-02,48437.0,47960.0,48914.0,47721.0,1310
1993-03-03,48437.0,48437.0,48437.0,48437.0,890
1993-03-04,50107.0,46289.0,50108.0,46289.0,8590
1993-03-05,50107.0,49630.0,50108.0,49630.0,5000
1993-03-06,49630.0,47959.0,49630.0,47959.0,810
1993-03-08,49630.0,47244.0,49630.0,47244.0,3240
1993-03-09,48437.0,49630.0,49630.0,48199.0,8670
1993-03-11,47721.0,47721.0,47721.0,47244.0,5710
1993-03-12,47960.0,47958.0,48675.0,47481.0,15330
1993-03-13,48914.0,47483.0,48914.0,47483.0,1560
1993-03-15,49153.0,46766.0,50106.0,46766.0,3440
1993-03-16,49153.0,47720.0,49151.0,47720.0,1470
1993-03-17,49630.0,49153.0,50107.0,49153.0,1900
1993-03-18,49391.0,50107.0,50107.0,49152.0,7730
1993-03-19,49391.0,49391.0,49391.0,49391.0,5800
1993-03-20,49391.0,49391.0,50107.0,49391.0,930
1993-03-22,49153.0,47720.0,49151.0,47720.0,530
1993-03-23,48914.0,47960.0,49153.0,47960.0,2480
1993-03-24,48676.0,48913.0,48913.0,48436.0,5510
1993-03-25,49153.0,48436.0,49151.0,48436.0,2900
1993-03-26,49153.0,48436.0,49151.0,48436.0,12440
1993-03-27,49153.0,49151.0,49151.0,49151.0,200
1993-03-29,48914.0,48437.0,48914.0,48437.0,490
1993-03-30,48914.0,47721.0,48914.0,47721.0,2400
1993-03-31,49869.0,48913.0,49868.0,48198.0,5640
1993-04-01,49153.0,49390.0,49628.0,49151.0,11100
1993-04-02,49153.0,49151.0,50106.0,49151.0,8750
1993-04-03,49153.0,48913.0,49151.0,48913.0,28000
1993-04-06,49153.0,49628.0,49628.0,48913.0,36800
1993-04-07,49153.0,49390.0,49390.0,48674.0,12430
1993-04-08,49630.0,49391.0,49630.0,48676.0,8090
1993-04-09,49630.0,47721.0,49869.0,47721.0,8600
1993-04-10,50107.0,49869.0,50108.0,49869.0,22790
1993-04-12,50107.0,50108.0,50108.0,50108.0,1540
1993-04-13,50107.0,50346.0,50346.0,49391.0,26050
1993-04-14,49391.0,50107.0,51300.0,49391.0,10180
1993-04-15,48914.0,49391.0,49391.0,48914.0,1400
1993-04-16,49153.0,49390.0,49390.0,49151.0,14600
1993-04-17,50584.0,49630.0,51062.0,49630.0,3660
1993-04-19,50346.0,49390.0,52015.0,49390.0,8820
1993-04-20,50584.0,50585.0,51300.0,50108.0,9040
1993-04-21,50823.0,51300.0,51300.0,50346.0,2480
1993-04-22,51539.0,51538.0,52492.0,51299.0,21090
1993-04-23,52971.0,52492.0,53208.0,52492.0,26620
1993-04-24,52971.0,52969.0,53685.0,52969.0,35280
1993-04-26,53209.0,53209.0,53686.0,53209.0,11970
1993-04-27,52016.0,51062.0,52255.0,51062.0,13590
1993-04-28,51300.0,51061.0,51778.0,51061.0,1710
1993-04-29,51300.0,51300.0,51300.0,50823.0,11000
1993-04-30,51062.0,51776.0,51776.0,51060.0,7700
1993-05-01,51062.0,51060.0,51060.0,48674.0,670
1993-05-03,51062.0,48674.0,52253.0,48674.0,2290
1993-05-04,51062.0,51538.0,51538.0,50106.0,6490
1993-05-06,51062.0,51060.0,51060.0,51060.0,100
1993-05-07,51062.0,48913.0,51060.0,48913.0,5050
1993-05-08,51539.0,50106.0,51538.0,50106.0,1670
1993-05-10,51062.0,51060.0,51060.0,51060.0,1140
1993-05-11,51062.0,50106.0,51060.0,50106.0,90
1993-05-12,50584.0,50585.0,50585.0,50585.0,0
1993-05-13,50584.0,50585.0,50585.0,50585.0,0
1993-05-14,51062.0,51538.0,51538.0,50106.0,1360
1993-05-15,51062.0,51060.0,51060.0,51060.0,0
1993-05-17,51539.0,51060.0,51538.0,51060.0,650
1993-05-18,52016.0,50823.0,52016.0,50823.0,7000
1993-05-19,52016.0,49869.0,52255.0,49869.0,13040
1993-05-20,52493.0,52016.0,52493.0,52016.0,16260
1993-05-21,52971.0,53447.0,53447.0,52015.0,7430
1993-05-22,53209.0,53209.0,53448.0,52970.0,4200
1993-05-24,53209.0,53209.0,53209.0,52493.0,1910
1993-05-25,53209.0,53209.0,53209.0,53209.0,0
1993-05-26,52493.0,52493.0,52493.0,52493.0,4700
1993-05-27,52016.0,52493.0,52493.0,52016.0,1770
1993-05-29,52493.0,51777.0,52493.0,51777.0,760
1993-05-31,53686.0,51539.0,53687.0,51539.0,4320
1993-06-01,52493.0,52254.0,53686.0,52254.0,7450
1993-06-02,52732.0,52253.0,52969.0,52253.0,18280
1993-06-03,52493.0,52731.0,53448.0,52493.0,5550
1993-06-04,52971.0,52492.0,53208.0,52492.0,27590
1993-06-05,52732.0,52730.0,52730.0,52730.0,0
1993-06-07,53209.0,53209.0,53209.0,53209.0,10000
1993-06-08,53209.0,53209.0,53209.0,52493.0,500
1993-06-09,53925.0,53209.0,54163.0,53209.0,14540
1993-06-10,53925.0,54401.0,54401.0,53209.0,7480
1993-06-11,55118.0,54639.0,55356.0,54401.0,128430
1993-06-12,57504.0,56072.0,57504.0,55595.0,124610
1993-06-14,57504.0,58219.0,58458.0,56788.0,169260
1993-06-15,57027.0,57742.0,57742.0,56071.0,63460
1993-06-16,57504.0,54879.0,57981.0,54879.0,38910
1993-06-17,57027.0,56548.0,57265.0,56548.0,24740
1993-06-18,56788.0,57265.0,57265.0,56549.0,7220
1993-06-19,57743.0,56071.0,57980.0,56071.0,58000
1993-06-21,56788.0,57981.0,57981.0,56788.0,35530
1993-06-22,56788.0,56788.0,57981.0,56549.0,23800
1993-06-23,56788.0,57265.0,57265.0,56072.0,20370
1993-06-24,56311.0,56311.0,57027.0,56072.0,11430
1993-06-25,57981.0,56310.0,58697.0,55833.0,36960
1993-06-26,57265.0,58697.0,58936.0,57266.0,49990
1993-06-28,56788.0,56072.0,56788.0,55357.0,9910
1993-06-29,56072.0,54402.0,57265.0,54402.0,9430
1993-06-30,56072.0,57265.0,57265.0,55595.0,9450
1993-07-01,56788.0,56072.0,57504.0,56072.0,27420
1993-07-02,56788.0,57265.0,57265.0,56788.0,11170
1993-07-03,56311.0,56549.0,56549.0,56311.0,9590
1993-07-05,57027.0,56548.0,57026.0,56548.0,13020
1993-07-06,57027.0,57742.0,58458.0,57026.0,320690
1993-07-07,59413.0,57741.0,59411.0,57026.0,280970
1993-07-08,59651.0,60129.0,61083.0,59651.0,410660
1993-07-09,60367.0,60129.0,60606.0,59890.0,243660
1993-07-10,60129.0,60843.0,61082.0,59889.0,126850
1993-07-12,59413.0,59173.0,60605.0,59173.0,53130
1993-07-13,59890.0,59651.0,60606.0,59651.0,199240
1993-07-14,59174.0,60129.0,60367.0,59174.0,63040
1993-07-15,59174.0,59174.0,59889.0,58219.0,27970
1993-07-16,58936.0,59173.0,59412.0,58696.0,31510
1993-07-19,57743.0,58457.0,58457.0,57741.0,9310
1993-07-20,57504.0,58219.0,58219.0,57027.0,10370
1993-07-21,57504.0,57742.0,58458.0,57504.0,23530
1993-07-22,56788.0,57981.0,57981.0,56788.0,17770
1993-07-23,56550.0,56787.0,56787.0,56310.0,26810
1993-07-24,56550.0,56787.0,57026.0,56310.0,8650
1993-07-26,57981.0,56310.0,58219.0,56310.0,28960
1993-07-27,57981.0,58459.0,58459.0,57504.0,21120
1993-07-28,57265.0,58220.0,58220.0,57027.0,11210
1993-07-29,56788.0,57504.0,57742.0,56549.0,8520
1993-07-30,55834.0,56787.0,56787.0,55594.0,11350
1993-07-31,54879.0,55357.0,55357.0,54879.0,16710
1993-08-02,53925.0,54401.0,54640.0,53924.0,7030
1993-08-03,53448.0,53208.0,53924.0,53208.0,6320
1993-08-04,52732.0,53447.0,53685.0,52730.0,5290
1993-08-05,54879.0,52970.0,54879.0,52970.0,36680
1993-08-06,54164.0,54639.0,55117.0,54162.0,49750
1993-08-07,53686.0,53687.0,53687.0,53448.0,12080
1993-08-09,53448.0,53208.0,54162.0,53208.0,12120
1993-08-10,53686.0,53448.0,53925.0,53210.0,5800
1993-08-11,53686.0,53925.0,54879.0,53448.0,4990
1993-08-12,53209.0,53209.0,53448.0,53209.0,5440
1993-08-13,50823.0,50823.0,50823.0,50823.0,0
1993-08-14,49153.0,48436.0,49390.0,48436.0,46080
1993-08-16,49869.0,48436.0,51299.0,48436.0,13440
1993-08-17,50107.0,48914.0,51539.0,48914.0,25030
1993-08-18,52016.0,50108.0,52016.0,50108.0,16100
1993-08-19,52971.0,52015.0,54401.0,51060.0,27930
1993-08-20,52016.0,52970.0,52970.0,51300.0,4510
1993-08-21,52255.0,51299.0,52254.0,51299.0,2720
1993-08-23,51539.0,52492.0,52492.0,51538.0,5250
1993-08-24,50823.0,51539.0,52016.0,50823.0,13010
1993-08-25,50346.0,50822.0,51299.0,50107.0,7140
1993-08-26,50584.0,49630.0,50585.0,49630.0,8630
1993-08-27,49630.0,49630.0,49630.0,48437.0,5050
1993-08-28,48437.0,49630.0,49630.0,48437.0,2380
1993-08-30,46767.0,48436.0,48436.0,46528.0,8000
1993-08-31,46051.0,46766.0,46766.0,44857.0,19620
1993-09-01,47483.0,46049.0,47481.0,45334.0,17050
1993-09-02,46528.0,47005.0,47721.0,46528.0,21450
1993-09-03,46767.0,47482.0,47720.0,46766.0,9410
1993-09-04,45574.0,47005.0,47005.0,45573.0,6550
1993-09-06,45574.0,44857.0,46528.0,44857.0,5990
1993-09-07,47483.0,45811.0,47481.0,45811.0,20460
1993-09-08,47721.0,47721.0,48675.0,47721.0,18840
1993-09-09,49630.0,48199.0,49869.0,48199.0,20060
1993-09-10,49869.0,49390.0,50106.0,49152.0,13100
1993-09-11,51062.0,49390.0,51060.0,49151.0,16880
1993-09-13,50346.0,50107.0,51061.0,50107.0,26970
1993-09-14,49630.0,50107.0,50823.0,49630.0,10830
1993-09-15,51062.0,49628.0,51776.0,49628.0,79770
1993-09-16,51300.0,50823.0,52493.0,50823.0,66480
1993-09-17,50823.0,50823.0,51300.0,49629.0,33250
1993-09-18,50823.0,51061.0,51539.0,50346.0,44920
1993-09-20,51062.0,50822.0,51538.0,50822.0,12660
1993-09-21,51300.0,51061.0,51539.0,51061.0,12740
1993-09-22,52016.0,51300.0,52493.0,51300.0,52420
1993-09-23,51777.0,52493.0,52493.0,51300.0,42180
1993-09-24,51300.0,52016.0,52255.0,51300.0,9140
1993-09-25,51777.0,51300.0,51778.0,51300.0,23400
1993-09-27,52493.0,52016.0,52493.0,52016.0,25580
1993-09-28,52493.0,52970.0,52970.0,52254.0,12320
1993-10-02,52493.0,52493.0,52731.0,52493.0,9870
1993-10-04,52255.0,52015.0,52492.0,52015.0,9030
1993-10-05,52493.0,52493.0,52731.0,52493.0,30120
1993-10-06,52971.0,52731.0,53208.0,52492.0,38360
1993-10-07,54641.0,53685.0,54639.0,53447.0,65320
1993-10-08,54402.0,55356.0,55833.0,54402.0,58570
1993-10-09,54164.0,53924.0,54401.0,53924.0,27760
1993-10-11,55834.0,54401.0,55832.0,54401.0,42450
1993-10-12,55357.0,56310.0,56788.0,55356.0,60990
1993-10-13,56072.0,55833.0,57504.0,55833.0,76820
1993-10-14,55595.0,56549.0,57266.0,55595.0,76680
1993-10-15,55595.0,55595.0,56549.0,55595.0,27280
1993-10-16,57981.0,55833.0,57981.0,55833.0,96240
1993-10-18,60367.0,60129.0,60368.0,59651.0,331410
1993-10-19,61083.0,62753.0,62753.0,61083.0,615260
1993-10-20,63469.0,62276.0,63469.0,60606.0,387480
1993-10-21,65855.0,65617.0,65855.0,64185.0,573700
1993-10-22,64185.0,66094.0,66333.0,63947.0,297690
1993-10-23,65378.0,63708.0,66094.0,63708.0,323810
1993-10-25,65139.0,66094.0,67764.0,64423.0,273560
1993-10-26,63708.0,65616.0,66093.0,63707.0,195660
1993-10-27,62276.0,62753.0,63708.0,61799.0,176960
1993-10-28,64662.0,61799.0,64662.0,61799.0,248940
1993-10-29,64185.0,65379.0,65856.0,64185.0,188360
1993-10-30,63946.0,64901.0,65140.0,63230.0,131300
1993-11-01,65617.0,63229.0,65854.0,63229.0,230980
1993-11-02,68003.0,66331.0,68001.0,66092.0,458300
1993-11-03,68516.0,70568.0,70568.0,68001.0,203950
1993-11-04,71082.0,69029.0,71082.0,66719.0,168570
1993-11-05,72365.0,72878.0,73649.0,71339.0,353590
1993-11-06,71595.0,71338.0,72878.0,70055.0,92410
1993-11-08,74161.0,72878.0,74162.0,71852.0,210400
1993-11-09,76728.0,76213.0,76726.0,75957.0,99290
1993-11-10,79294.0,79293.0,79293.0,75700.0,590270
1993-11-11,82630.0,81859.0,82629.0,76984.0,391480
1993-11-12,85966.0,85965.0,85965.0,82629.0,198080
1993-11-13,89302.0,88531.0,89301.0,86221.0,322420
1993-11-15,92638.0,92637.0,92637.0,92637.0,57240
1993-11-16,95974.0,95973.0,95973.0,95973.0,30820
1993-11-17,99310.0,99309.0,99309.0,99309.0,12720
1993-11-18,102646.0,102645.0,102645.0,102645.0,1000
1993-11-19,106751.0,106751.0,106751.0,106751.0,800
1993-11-20,110857.0,110857.0,110857.0,110857.0,12470
1993-11-22,110857.0,114963.0,114963.0,106751.0,599770
1993-11-23,111884.0,110599.0,114962.0,106750.0,468020
1993-11-24,107778.0,115475.0,115475.0,107777.0,288010
1993-11-25,103672.0,103672.0,108804.0,103672.0,312020
1993-11-26,99566.0,103672.0,105212.0,99566.0,250270
1993-11-27,96230.0,96743.0,100080.0,96230.0,198090
1993-11-29,99566.0,93921.0,99566.0,93921.0,283990
1993-11-30,99566.0,100850.0,102389.0,96743.0,279290
1993-12-01,96230.0,99310.0,99310.0,96230.0,109620
1993-12-02,94434.0,92893.0,94946.0,92893.0,189670
1993-12-03,92638.0,92893.0,97769.0,92380.0,228510
1993-12-04,95974.0,94433.0,95973.0,94433.0,37270
1993-12-06,96230.0,99310.0,99310.0,94947.0,232740
1993-12-07,93921.0,96229.0,96229.0,92893.0,101250
1993-12-08,97257.0,94433.0,97256.0,93663.0,291800
1993-12-09,100749.0,99943.0,100749.0,97525.0,158660
1993-12-10,104242.0,101822.0,104240.0,101822.0,114820
1993-12-11,103436.0,107733.0,107733.0,102897.0,93260
1993-12-13,99943.0,99944.0,105317.0,99944.0,114220
1993-12-14,100481.0,97256.0,103435.0,97256.0,208290
1993-12-15,99943.0,97794.0,102093.0,97794.0,150570
1993-12-16,102093.0,99942.0,102092.0,99674.0,189940
1993-12-17,105585.0,102093.0,105585.0,102093.0,97080
1993-12-18,106123.0,109077.0,109077.0,104779.0,223690
1993-12-20,102630.0,103435.0,105584.0,102629.0,86900
1993-12-21,101555.0,102093.0,103973.0,100749.0,111940
1993-12-22,100749.0,101555.0,105048.0,100749.0,228230
1993-12-23,97257.0,100748.0,100748.0,97256.0,118810
1993-12-24,93764.0,95376.0,98600.0,93764.0,87810
1993-12-27,92421.0,93763.0,95375.0,90539.0,106880
1993-12-28,88928.0,88928.0,90272.0,88928.0,73780
1994-01-03,92474.0,88928.0,92474.0,88928.0,21640
1994-01-04,96020.0,94383.0,96020.0,92474.0,35180
1994-01-05,96839.0,98475.0,99020.0,96565.0,61290
1994-01-06,100385.0,96839.0,100385.0,93839.0,76670
1994-01-07,99021.0,100385.0,102294.0,98202.0,56720
1994-01-08,95748.0,98202.0,98202.0,95474.0,14650
1994-01-10,92747.0,95475.0,95475.0,92747.0,41630
1994-01-11,96293.0,89200.0,96293.0,89200.0,235120
1994-01-12,99839.0,99294.0,99839.0,98202.0,269210
1994-01-13,103386.0,103385.0,103385.0,103385.0,87410
1994-01-14,99839.0,100930.0,103113.0,99839.0,156990
1994-01-15,96293.0,96838.0,97384.0,96293.0,36540
1994-01-17,92747.0,92747.0,95475.0,92747.0,136050
1994-01-18,94929.0,91110.0,96293.0,91110.0,225170
1994-01-19,94657.0,93838.0,98202.0,91382.0,253820
1994-01-20,95748.0,94656.0,96837.0,92200.0,194250
1994-01-21,99294.0,96565.0,99293.0,95201.0,213910
1994-01-22,102840.0,102567.0,102840.0,100930.0,250990
1994-01-24,106386.0,106386.0,106386.0,106386.0,302160
1994-01-25,109933.0,109932.0,109932.0,106931.0,760870
1994-01-26,114297.0,109932.0,114297.0,107750.0,334580
1994-01-27,118662.0,118661.0,118661.0,118661.0,116360
1994-01-28,114297.0,122753.0,122753.0,114297.0,680150
1994-01-29,109933.0,109932.0,113751.0,109932.0,250440
1994-01-31,110751.0,109932.0,114296.0,108022.0,354210
1994-02-01,115115.0,111024.0,115115.0,111024.0,212710
1994-02-02,115115.0,118662.0,119480.0,110751.0,411050
1994-02-03,110751.0,110750.0,110750.0,110750.0,35120
1994-02-04,106386.0,106386.0,111842.0,106386.0,215780
1994-02-05,102840.0,102840.0,103658.0,102840.0,55520
1994-02-07,99294.0,99293.0,99293.0,99293.0,13640
1994-02-08,102840.0,95748.0,102840.0,95748.0,144890
1994-02-12,104477.0,103112.0,104475.0,102021.0,76940
1994-02-14,103386.0,102839.0,104748.0,101202.0,43150
1994-02-15,105568.0,102020.0,106931.0,102020.0,67690
1994-02-16,108296.0,106658.0,108294.0,104475.0,108520
1994-02-17,107205.0,107749.0,111295.0,107204.0,123920
1994-02-18,109114.0,107205.0,110751.0,106659.0,163440
1994-02-19,113479.0,111023.0,113477.0,109113.0,115560
1994-02-21,109933.0,113478.0,115933.0,109386.0,112130
1994-02-22,110205.0,109933.0,111842.0,108568.0,133430
1994-02-23,105841.0,108840.0,110204.0,105839.0,55350
1994-02-24,102295.0,103112.0,108568.0,102294.0,101870
1994-02-25,100931.0,102293.0,103657.0,100111.0,44050
1994-02-26,104477.0,100929.0,104475.0,100929.0,32290
1994-02-28,102840.0,106113.0,107205.0,100930.0,55760
1994-03-02,101476.0,100385.0,102295.0,100112.0,32670
1994-03-03,103931.0,100657.0,105022.0,100657.0,75320
1994-03-04,102295.0,103385.0,105022.0,101476.0,51610
1994-03-05,103658.0,102294.0,103658.0,100930.0,15480
1994-03-07,102840.0,102294.0,103658.0,102021.0,25350
1994-03-08,106114.0,102294.0,106385.0,102294.0,89300
1994-03-09,103658.0,103386.0,107750.0,103386.0,39490
1994-03-10,104477.0,105294.0,106113.0,103657.0,43130
1994-03-11,108023.0,108023.0,108023.0,105296.0,95910
1994-03-12,111569.0,109659.0,111569.0,109114.0,134830
1994-03-14,115934.0,115932.0,115932.0,115932.0,99720
1994-03-15,120298.0,120299.0,120299.0,113479.0,1245350
1994-03-16,124663.0,120024.0,124661.0,117569.0,963320
1994-03-17,122753.0,127936.0,127936.0,120298.0,560330
1994-03-18,118389.0,118661.0,122752.0,118388.0,301560
1994-03-19,114024.0,115115.0,117298.0,114024.0,108480
1994-03-21,113752.0,109659.0,117297.0,109659.0,708270
1994-03-22,113752.0,111023.0,115660.0,110477.0,154000
1994-03-23,112115.0,115387.0,115932.0,112113.0,165200
1994-03-24,107750.0,111024.0,111024.0,107750.0,126820
1994-03-25,104204.0,104477.0,107477.0,104204.0,164100
1994-03-26,104750.0,104475.0,105839.0,103657.0,94150
1994-03-28,108296.0,104748.0,108294.0,103657.0,128090
1994-03-29,104750.0,108294.0,109385.0,104748.0,112490
1994-03-30,103658.0,103658.0,104749.0,101203.0,83140
1994-03-31,103113.0,103657.0,104203.0,100930.0,84840
1994-04-01,99567.0,101475.0,103385.0,99566.0,61180
1994-04-02,99567.0,97383.0,99566.0,96292.0,45470
1994-04-04,103113.0,99838.0,103112.0,99838.0,44670
1994-04-06,103658.0,103658.0,106114.0,103658.0,84750
1994-04-07,103658.0,103658.0,105840.0,100385.0,66780
1994-04-08,105022.0,103658.0,105841.0,102840.0,62730
1994-04-09,105022.0,103658.0,105568.0,103658.0,35870
1994-04-11,106932.0,105840.0,107749.0,105567.0,113920
1994-04-12,106114.0,105840.0,106931.0,105567.0,67750
1994-04-13,107205.0,105021.0,108022.0,105021.0,54690
1994-04-14,108569.0,105839.0,108840.0,105839.0,81000
1994-04-15,111842.0,108569.0,111842.0,108569.0,95180
1994-04-16,113206.0,112113.0,116205.0,112113.0,139020
1994-04-18,114570.0,112933.0,115387.0,111295.0,91730
1994-04-19,110751.0,110750.0,115387.0,110750.0,33680
1994-04-20,109114.0,110751.0,110751.0,108568.0,46550
1994-04-21,109114.0,109114.0,111842.0,109114.0,46220
1994-04-22,109660.0,109113.0,109931.0,108022.0,41340
1994-04-23,111842.0,109387.0,112661.0,108842.0,66390
1994-04-25,110478.0,112387.0,113478.0,110478.0,57680
1994-04-26,109114.0,110478.0,110751.0,108841.0,51790
1994-04-27,110751.0,108295.0,112660.0,108295.0,109900
1994-04-28,112933.0,111842.0,114570.0,110751.0,181050
1994-04-29,108569.0,114296.0,114569.0,108567.0,64050
1994-04-30,109114.0,108568.0,109660.0,107205.0,43740
1994-05-02,108841.0,109115.0,111842.0,107477.0,67780
1994-05-03,109933.0,109114.0,111841.0,108568.0,40380
1994-05-04,110478.0,109932.0,113751.0,109114.0,131060
1994-05-06,111296.0,111296.0,111569.0,109386.0,47220
1994-05-07,110478.0,111842.0,112933.0,110478.0,20320
1994-05-09,109660.0,109658.0,112386.0,109658.0,39340
1994-05-10,110751.0,109659.0,111295.0,109659.0,34740
1994-05-11,111842.0,111569.0,112934.0,110751.0,50410
1994-05-12,110205.0,112114.0,112114.0,109387.0,20020
1994-05-13,108023.0,110205.0,111569.0,108023.0,45200
1994-05-14,105841.0,106658.0,107204.0,105839.0,26230
1994-05-16,106932.0,106113.0,109386.0,106113.0,20990
1994-05-17,108023.0,108296.0,109115.0,107477.0,35380
1994-05-19,106114.0,105840.0,108568.0,105840.0,25010
1994-05-20,106659.0,106113.0,107477.0,106113.0,21630
1994-05-21,106114.0,106658.0,107749.0,105295.0,34490
1994-05-23,105295.0,102567.0,105568.0,102567.0,11510
1994-05-24,108023.0,106114.0,108023.0,105296.0,33510
1994-05-25,108023.0,106659.0,108023.0,106386.0,35370
1994-05-26,109114.0,108023.0,111024.0,108023.0,34500
1994-05-27,109660.0,109113.0,110477.0,108567.0,36740
1994-05-28,110478.0,109386.0,110478.0,108841.0,46160
1994-05-30,108023.0,110478.0,110478.0,108023.0,7170
1994-05-31,106932.0,106385.0,107476.0,106385.0,31710
1994-06-01,106386.0,106932.0,106932.0,105022.0,14090
1994-06-02,106114.0,103930.0,107749.0,103930.0,14250
1994-06-03,106386.0,106386.0,107205.0,106386.0,27580
1994-06-04,106386.0,103658.0,106386.0,103658.0,11040
1994-06-07,106114.0,102839.0,106385.0,102839.0,16400
1994-06-08,105568.0,105021.0,106385.0,105021.0,25640
1994-06-09,107477.0,105567.0,109114.0,102021.0,80090
1994-06-10,105841.0,107476.0,108294.0,105294.0,24130
1994-06-11,104750.0,105839.0,105839.0,103657.0,16360
1994-06-13,104750.0,103657.0,104748.0,103657.0,27830
1994-06-14,101203.0,102295.0,103386.0,101204.0,19090
1994-06-15,98203.0,97656.0,104475.0,97656.0,55470
1994-06-16,98476.0,98202.0,100657.0,97929.0,37810
1994-06-17,100931.0,99838.0,101747.0,99838.0,35650
1994-06-18,100931.0,101475.0,101475.0,100111.0,15320
1994-06-20,102567.0,103658.0,103658.0,102295.0,37990
1994-06-21,101749.0,101202.0,101747.0,101202.0,20930
1994-06-22,101749.0,100384.0,102839.0,100384.0,41150
1994-06-23,101476.0,101203.0,102295.0,100112.0,24100
1994-06-24,100385.0,101749.0,101749.0,100112.0,9150
1994-06-25,99839.0,100657.0,102295.0,99839.0,16740
1994-06-27,99567.0,98475.0,100656.0,98475.0,15810
1994-06-28,98476.0,99566.0,99838.0,98475.0,12850
1994-06-29,98203.0,97928.0,99020.0,97656.0,15250
1994-06-30,101749.0,98475.0,101747.0,97657.0,76040
1994-07-01,102567.0,102567.0,103931.0,101749.0,28380
1994-07-02,105022.0,102295.0,105296.0,102295.0,40030
1994-07-04,105022.0,106386.0,106932.0,103658.0,35960
1994-07-05,103658.0,102294.0,105022.0,102294.0,13600
1994-07-06,102295.0,103657.0,103657.0,102294.0,14970
1994-07-07,102295.0,101476.0,104203.0,101476.0,19410
1994-07-08,105022.0,102840.0,105841.0,102295.0,37720
1994-07-09,103658.0,106932.0,106932.0,103658.0,14340
1994-07-11,101476.0,102295.0,103113.0,100112.0,18650
1994-07-12,103658.0,102294.0,103931.0,102294.0,22720
1994-07-13,103386.0,105294.0,105567.0,102294.0,15400
1994-07-14,101203.0,103658.0,103658.0,101204.0,9690
1994-07-15,100931.0,102293.0,102293.0,100656.0,21080
1994-07-16,100931.0,100929.0,100929.0,100384.0,9170
1994-07-18,100931.0,100929.0,101202.0,100929.0,6900
1994-07-19,100931.0,100929.0,101475.0,99566.0,7440
1994-07-20,100931.0,100929.0,100929.0,99566.0,10180
1994-07-21,100112.0,101476.0,102294.0,100112.0,7430
1994-07-22,100931.0,100656.0,101747.0,99020.0,16280
1994-07-23,102567.0,100930.0,102567.0,100112.0,27140
1994-07-25,100931.0,103385.0,103385.0,99566.0,11620
1994-07-26,100931.0,99838.0,100929.0,99566.0,13800
1994-07-27,101476.0,101203.0,103658.0,99839.0,34710
1994-07-28,100931.0,101475.0,102293.0,99838.0,37430
1994-07-29,100931.0,99566.0,100929.0,99566.0,19470
1994-07-30,100385.0,99839.0,100385.0,98748.0,17170
1994-08-01,100112.0,99294.0,100112.0,98748.0,10620
1994-08-02,99294.0,100111.0,100930.0,99293.0,16620
1994-08-03,96839.0,98475.0,98475.0,96837.0,6650
1994-08-04,96839.0,97656.0,97929.0,96837.0,16870
1994-08-05,96293.0,95475.0,100112.0,95475.0,17640
1994-08-06,96020.0,96293.0,96566.0,95748.0,8240
1994-08-08,92747.0,94111.0,95202.0,92747.0,23860
1994-08-09,92747.0,89747.0,92747.0,89747.0,17350
1994-08-10,92747.0,92747.0,93020.0,91656.0,16900
1994-08-11,96293.0,93019.0,96293.0,93019.0,24290
1994-08-12,96293.0,96838.0,97929.0,95748.0,11450
1994-08-13,94657.0,96292.0,96838.0,94656.0,6000
1994-08-16,95202.0,94656.0,96293.0,94656.0,13420
1994-08-17,98748.0,93565.0,98748.0,93565.0,47600
1994-08-18,97657.0,100112.0,100930.0,97657.0,51480
1994-08-19,94384.0,95474.0,96837.0,94382.0,9090
1994-08-20,94111.0,92746.0,95475.0,92746.0,19590
1994-08-22,93020.0,94656.0,94656.0,92746.0,23280
1994-08-23,93838.0,93565.0,96566.0,93565.0,23100
1994-08-24,94657.0,93838.0,94928.0,93838.0,21400
1994-08-25,94657.0,95474.0,95474.0,94110.0,7940
1994-08-26,94929.0,91383.0,95748.0,91383.0,8000
1994-08-27,93020.0,95474.0,95474.0,93018.0,4400
1994-08-29,93293.0,92746.0,94109.0,92473.0,8910
1994-08-30,93293.0,93564.0,94382.0,92473.0,13950
1994-08-31,96839.0,95747.0,96837.0,95747.0,21090
1994-09-01,96839.0,99566.0,99838.0,95474.0,26790
1994-09-02,95475.0,96838.0,96838.0,93292.0,14100
1994-09-03,93293.0,94109.0,94109.0,93291.0,5690
1994-09-05,93565.0,93293.0,94929.0,92747.0,7070
1994-09-06,94657.0,92746.0,95474.0,92746.0,15230
1994-09-07,94929.0,95748.0,96838.0,93292.0,16950
1994-09-08,96839.0,94928.0,98202.0,93564.0,31200
1994-09-09,95475.0,95474.0,97384.0,94110.0,10270
1994-09-10,97384.0,95475.0,98748.0,92201.0,107440
1994-09-12,100931.0,98474.0,100929.0,96837.0,80700
1994-09-13,99567.0,100929.0,102839.0,98202.0,62680
1994-09-14,96566.0,99567.0,99567.0,96293.0,29150
1994-09-15,94111.0,94384.0,96838.0,93019.0,12950
1994-09-16,97657.0,93019.0,97657.0,93019.0,17930
1994-09-17,96020.0,99294.0,99567.0,95475.0,13000
1994-09-22,93293.0,94928.0,96292.0,93291.0,20090
1994-09-23,95475.0,93565.0,96838.0,92746.0,22440
1994-09-24,96839.0,94656.0,96837.0,94656.0,11540
1994-09-26,96020.0,93292.0,96838.0,93292.0,23090
1994-09-27,95475.0,96019.0,97111.0,95474.0,13110
1994-09-28,94657.0,95747.0,96565.0,94656.0,11680
1994-09-29,97384.0,94657.0,97385.0,94657.0,22200
1994-09-30,100112.0,97929.0,100112.0,97384.0,44300
1994-10-01,101203.0,100931.0,101477.0,100112.0,75470
1994-10-04,104750.0,102293.0,104748.0,101747.0,84530
1994-10-05,102840.0,105567.0,107477.0,101203.0,61350
1994-10-06,103113.0,104203.0,105567.0,100930.0,41550
1994-10-07,105022.0,105023.0,106659.0,102295.0,86660
1994-10-08,103658.0,106386.0,106659.0,102567.0,25080
1994-10-10,104204.0,103658.0,104477.0,102022.0,29180
1994-10-11,107750.0,103113.0,107750.0,103113.0,74510
1994-10-12,107750.0,110205.0,110205.0,106386.0,132010
1994-10-13,111296.0,108023.0,111296.0,108023.0,194890
1994-10-14,111842.0,112661.0,114570.0,111842.0,169470
1994-10-15,114570.0,115660.0,116206.0,113205.0,181870
1994-10-17,118934.0,116206.0,118934.0,115933.0,181280
1994-10-18,117298.0,121388.0,121388.0,117296.0,140500
1994-10-19,112933.0,112933.0,115933.0,112933.0,59260
1994-10-20,112933.0,109114.0,114297.0,108568.0,75870
1994-10-21,109114.0,108568.0,111569.0,108568.0,144990
1994-10-22,112388.0,109931.0,113477.0,109113.0,72660
1994-10-24,108841.0,113206.0,113206.0,108023.0,69840
1994-10-25,107477.0,108841.0,110751.0,106659.0,36680
1994-10-26,109114.0,108023.0,111024.0,108023.0,56610
1994-10-27,111569.0,110478.0,113478.0,110478.0,70690
1994-10-28,109114.0,112114.0,112387.0,107750.0,56250
1994-10-29,109114.0,109114.0,110478.0,108568.0,26760
1994-10-31,109660.0,109385.0,111295.0,109113.0,46040
1994-11-01,114024.0,110478.0,114024.0,109114.0,79190
1994-11-02,114024.0,114024.0,118116.0,111842.0,177570
1994-11-03,109660.0,115387.0,116478.0,109658.0,53270
1994-11-04,110478.0,108295.0,112387.0,107750.0,113360
1994-11-05,110751.0,109114.0,114023.0,109114.0,29420
1994-11-07,109114.0,110478.0,112660.0,109114.0,35100
1994-11-08,107205.0,109113.0,110477.0,107204.0,31780
1994-11-09,106386.0,107477.0,108841.0,106386.0,38390
1994-11-10,109114.0,109660.0,109933.0,107750.0,63030
1994-11-11,106386.0,109114.0,111569.0,106386.0,37030
1994-11-12,106932.0,106385.0,107749.0,106385.0,18380
1994-11-14,106386.0,106932.0,107750.0,106386.0,14850
1994-11-15,106932.0,106658.0,107476.0,106385.0,30600
1994-11-16,106932.0,106931.0,108841.0,106931.0,29180
1994-11-17,106386.0,107750.0,109114.0,106386.0,18440
1994-11-18,106114.0,106931.0,106931.0,105567.0,39310
1994-11-19,105841.0,106931.0,107476.0,105839.0,13200
1994-11-21,106386.0,106386.0,107205.0,105295.0,44930
1994-11-22,105022.0,105841.0,106386.0,105023.0,17060
1994-11-23,103658.0,105022.0,106386.0,103658.0,30530
1994-11-24,101053.0,105685.0,105685.0,101052.0,7280
1994-11-25,98447.0,101341.0,101341.0,98445.0,13980
1994-11-26,99894.0,98446.0,100763.0,98446.0,4560
1994-11-28,99605.0,101341.0,101631.0,99603.0,8440
1994-11-29,100473.0,98446.0,102790.0,98446.0,10440
1994-11-30,104238.0,101920.0,104236.0,101920.0,9510
1994-12-01,104238.0,104236.0,105105.0,101341.0,23770
1994-12-02,105685.0,106844.0,106844.0,101342.0,12270
1994-12-03,105685.0,105686.0,108002.0,105686.0,13880
1994-12-05,106554.0,107132.0,107132.0,105685.0,10870
1994-12-06,106554.0,106553.0,108001.0,106553.0,8950
1994-12-07,109449.0,106554.0,110029.0,106554.0,20060
1994-12-08,110897.0,109450.0,110897.0,108002.0,30840
1994-12-09,108870.0,111476.0,112055.0,108870.0,15010
1994-12-10,109160.0,105105.0,109159.0,105105.0,10440
1994-12-12,108581.0,106842.0,110028.0,106842.0,11810
1994-12-13,105975.0,110028.0,110028.0,105974.0,17250
1994-12-14,105106.0,105975.0,107133.0,104817.0,23270
1994-12-15,105685.0,105686.0,107712.0,104817.0,53670
1994-12-16,109449.0,108580.0,109450.0,106554.0,72940
1994-12-17,113214.0,112054.0,113212.0,111475.0,121310
1994-12-19,112345.0,116687.0,116687.0,111475.0,106840
1994-12-20,111766.0,115818.0,115818.0,111475.0,136270
1994-12-21,109739.0,111766.0,112055.0,108002.0,47700
1994-12-22,112055.0,108580.0,113503.0,108580.0,57250
1994-12-23,111766.0,108579.0,112633.0,108579.0,57130
1994-12-24,110608.0,112054.0,112054.0,110028.0,23510
1994-12-26,110608.0,110607.0,110607.0,109159.0,59710
1994-12-27,111476.0,110897.0,111476.0,108870.0,43270
1994-12-28,110029.0,112344.0,113792.0,110028.0,59700
1995-01-03,108263.0,110322.0,111793.0,108263.0,5920
1995-01-04,104439.0,106792.0,107968.0,104438.0,21500
1995-01-05,100614.0,101497.0,102968.0,100614.0,10280
1995-01-06,97967.0,100025.0,100613.0,96788.0,16520
1995-01-07,99732.0,100025.0,100908.0,98260.0,25540
1995-01-09,101203.0,100025.0,101496.0,98554.0,25840
1995-01-10,104733.0,102379.0,105027.0,100614.0,21580
1995-01-11,105616.0,103555.0,107086.0,103555.0,16780
1995-01-12,105027.0,102968.0,106792.0,102968.0,15740
1995-01-13,101203.0,102085.0,105615.0,101202.0,4140
1995-01-14,100320.0,98260.0,100320.0,97378.0,11280
1995-01-16,98261.0,96495.0,101496.0,96495.0,15950
1995-01-17,100026.0,94729.0,101202.0,94729.0,30640
1995-01-18,99438.0,101496.0,101496.0,98554.0,5370
1995-01-19,100026.0,98260.0,100908.0,98260.0,12770
1995-01-20,99732.0,100319.0,100319.0,99436.0,5860
1995-01-21,97378.0,99732.0,100320.0,97378.0,5350
1995-01-23,93554.0,95024.0,97082.0,93552.0,8420
1995-01-24,90906.0,91199.0,93553.0,90905.0,31890
1995-01-25,92377.0,91787.0,94141.0,89434.0,9030
1995-01-26,93554.0,90905.0,95612.0,90905.0,10050
1995-01-27,90906.0,93259.0,93553.0,89728.0,9190
1995-01-28,91200.0,92082.0,92082.0,90906.0,4400
1995-02-02,94142.0,92083.0,94436.0,90906.0,23800
1995-02-03,92671.0,91789.0,94436.0,91789.0,7690
1995-02-04,96496.0,93259.0,96495.0,93259.0,11460
1995-02-06,94436.0,97083.0,100026.0,94436.0,20920
1995-02-07,94730.0,94730.0,97083.0,94730.0,16950
1995-02-08,98555.0,96496.0,98555.0,96202.0,30160
1995-02-09,95613.0,100614.0,100614.0,95613.0,12210
1995-02-10,97084.0,96496.0,97966.0,94142.0,10970
1995-02-11,98555.0,97379.0,99437.0,97379.0,14420
1995-02-13,101497.0,97082.0,101495.0,97082.0,24890
1995-02-14,97967.0,101495.0,101495.0,97671.0,10400
1995-02-15,95907.0,95907.0,98555.0,95907.0,10300
1995-02-16,94730.0,94142.0,95613.0,94142.0,8930
1995-02-17,94730.0,94730.0,95319.0,94436.0,12590
1995-02-18,94436.0,91200.0,97083.0,91200.0,3440
1995-02-20,93848.0,94729.0,95318.0,92670.0,32210
1995-02-21,92083.0,93553.0,94141.0,92082.0,56500
1995-02-22,92083.0,91199.0,92670.0,90905.0,8260
1995-02-23,91200.0,95025.0,95025.0,91200.0,10300
1995-02-24,87376.0,90611.0,92670.0,87375.0,7940
1995-02-25,90318.0,86786.0,90316.0,86786.0,7440
1995-02-27,86493.0,86493.0,90023.0,86493.0,8140
1995-02-28,83551.0,84139.0,88258.0,83551.0,7690
1995-03-02,86493.0,83550.0,86493.0,83550.0,3730
1995-03-03,88258.0,86493.0,89140.0,86493.0,11920
1995-03-04,88258.0,87964.0,89729.0,87082.0,24650
1995-03-06,92083.0,89728.0,92082.0,88258.0,73270
1995-03-07,95907.0,94730.0,95907.0,92082.0,43920
1995-03-08,92083.0,95318.0,97378.0,92082.0,25780
1995-03-09,95907.0,92082.0,95907.0,92082.0,167930
1995-03-10,97967.0,97082.0,99436.0,96788.0,47810
1995-03-11,97084.0,97966.0,97966.0,95025.0,13180
1995-03-13,94142.0,96202.0,96790.0,94142.0,22520
1995-03-14,94142.0,95025.0,95613.0,92083.0,9210
1995-03-15,93260.0,94141.0,95612.0,92964.0,10380
1995-03-16,93848.0,92082.0,94141.0,92082.0,10480
1995-03-17,93848.0,93847.0,97671.0,92670.0,166430
1995-03-18,92671.0,94730.0,94730.0,92671.0,8040
1995-03-20,93554.0,91199.0,93847.0,91199.0,17660
1995-03-21,90023.0,91200.0,92376.0,90023.0,8170
1995-03-22,88258.0,88258.0,90023.0,88258.0,14880
1995-03-23,90906.0,88258.0,90905.0,88258.0,9010
1995-03-24,92671.0,91200.0,93553.0,89729.0,10340
1995-03-25,92377.0,92669.0,92669.0,91199.0,6970
1995-03-27,91200.0,91200.0,92376.0,91200.0,5290
1995-03-28,91200.0,91200.0,92670.0,90612.0,8850
1995-03-29,89729.0,91200.0,91200.0,89729.0,7680
1995-03-30,89141.0,89728.0,91199.0,89139.0,6730
1995-03-31,89729.0,89141.0,90906.0,89141.0,9750
1995-04-01,90906.0,90316.0,92670.0,90316.0,5540
1995-04-03,89729.0,90023.0,90317.0,89729.0,6660
1995-04-04,85610.0,85905.0,89435.0,85610.0,12990
1995-04-06,85022.0,85316.0,85316.0,83846.0,16240
1995-04-07,85022.0,85022.0,86787.0,85022.0,12670
1995-04-08,86199.0,85904.0,86492.0,85904.0,8010
1995-04-10,83845.0,86787.0,86787.0,83846.0,1970
1995-04-11,82963.0,82079.0,83256.0,81491.0,10390
1995-04-12,83257.0,82961.0,83844.0,82961.0,9600
1995-04-13,83257.0,83255.0,83844.0,81785.0,6680
1995-04-14,85316.0,83845.0,85316.0,82374.0,6500
1995-04-15,84434.0,84727.0,85315.0,83844.0,3430
1995-04-17,84434.0,84727.0,85904.0,84138.0,19070
1995-04-18,83845.0,84434.0,85316.0,83846.0,3000
1995-04-19,81786.0,85315.0,85315.0,81785.0,2400
1995-04-20,81786.0,84727.0,84727.0,81785.0,3450
1995-04-21,79138.0,81786.0,82669.0,79138.0,29710
1995-04-22,78256.0,79726.0,80902.0,78255.0,5270
1995-04-24,74431.0,78256.0,78256.0,74431.0,14420
1995-04-25,74431.0,72077.0,76490.0,72077.0,19670
1995-04-26,75019.0,75020.0,76490.0,75020.0,4310
1995-04-27,77961.0,76490.0,78256.0,76490.0,8560
1995-04-28,77079.0,78255.0,78255.0,76489.0,4140
1995-04-29,77079.0,76489.0,77961.0,76489.0,2730
1995-05-02,79138.0,77962.0,79138.0,77962.0,2990
1995-05-03,82374.0,79726.0,83845.0,79726.0,27750
1995-05-04,80315.0,83550.0,83550.0,80019.0,1430
1995-05-06,81198.0,80902.0,82373.0,79431.0,8050
1995-05-08,79432.0,79727.0,80903.0,79433.0,3270
1995-05-09,76490.0,76490.0,79432.0,76490.0,4260
1995-05-10,77079.0,76489.0,77961.0,76489.0,5390
1995-05-11,77079.0,78549.0,78549.0,77078.0,1920
1995-05-12,80903.0,75313.0,80903.0,75313.0,10980
1995-05-13,84139.0,83846.0,85317.0,82669.0,36540
1995-05-15,85316.0,82374.0,85316.0,82374.0,24470
1995-05-16,86787.0,85316.0,86787.0,83550.0,61050
1995-05-17,83257.0,85315.0,85315.0,82667.0,25200
1995-05-18,82374.0,82080.0,83257.0,81492.0,12950
1995-05-19,83257.0,84727.0,84727.0,81196.0,18800
1995-05-20,83845.0,82374.0,83846.0,82374.0,6660
1995-05-22,80903.0,81786.0,82374.0,80903.0,16670
1995-05-23,80315.0,80019.0,81491.0,80019.0,16430
1995-05-24,79432.0,80021.0,80315.0,78844.0,23750
1995-05-25,80903.0,78255.0,80903.0,77961.0,10330
1995-05-26,79432.0,79433.0,80315.0,79433.0,5940
1995-05-27,79432.0,80315.0,80315.0,77962.0,11810
1995-05-29,83551.0,82374.0,84139.0,80609.0,26290
1995-05-30,83257.0,81785.0,83844.0,81785.0,15040
1995-05-31,82374.0,81492.0,84139.0,81492.0,31710
1995-06-01,83845.0,81197.0,85316.0,81197.0,22930
1995-06-02,83551.0,83845.0,84728.0,82963.0,9410
1995-06-03,84139.0,82963.0,84729.0,82963.0,10950
1995-06-05,87081.0,84433.0,87670.0,84433.0,39240
1995-06-07,87376.0,87963.0,90611.0,87081.0,115000
1995-06-08,85316.0,87375.0,87375.0,85316.0,69430
1995-06-09,84434.0,84138.0,85904.0,83844.0,53620
1995-06-10,86493.0,85022.0,86493.0,85022.0,23320
1995-06-12,86493.0,85316.0,87081.0,85316.0,30840
1995-06-13,87376.0,87081.0,87963.0,86786.0,24670
1995-06-14,86199.0,85904.0,87375.0,85904.0,11540
1995-06-15,84139.0,86199.0,86199.0,83846.0,22020
1995-06-16,85316.0,84433.0,85316.0,84433.0,24430
1995-06-17,85610.0,85316.0,86199.0,84728.0,14420
1995-06-19,86493.0,83550.0,87669.0,83550.0,26320
1995-06-20,87081.0,87376.0,87376.0,86493.0,29360
1995-06-21,85610.0,85610.0,87081.0,85610.0,27430
1995-06-22,85316.0,87081.0,87081.0,84728.0,37180
1995-06-23,83845.0,85316.0,85316.0,83846.0,44020
1995-06-24,82963.0,84139.0,85315.0,82962.0,14760
1995-06-26,83845.0,82080.0,83846.0,82080.0,23420
1995-06-28,84139.0,82669.0,85905.0,82669.0,6310
1995-06-29,84728.0,84432.0,85315.0,84138.0,21020
1995-06-30,85905.0,83844.0,85904.0,83844.0,7590
1995-07-01,86493.0,86787.0,87081.0,86493.0,14410
1995-07-03,89141.0,87963.0,89139.0,86786.0,37610
1995-07-04,88847.0,89139.0,89139.0,87374.0,30060
1995-07-05,87081.0,88552.0,88552.0,87082.0,8430
1995-07-06,92083.0,87669.0,92082.0,87669.0,49170
1995-07-07,92965.0,92671.0,93260.0,90906.0,44480
1995-07-08,94730.0,93553.0,95907.0,93553.0,25630
1995-07-10,92965.0,94436.0,94436.0,92966.0,16590
1995-07-11,88258.0,92965.0,94142.0,88258.0,29900
1995-07-12,90318.0,89728.0,90611.0,87081.0,19300
1995-07-13,89729.0,88553.0,90317.0,88553.0,25510
1995-07-14,86787.0,89729.0,90317.0,86787.0,25140
1995-07-15,87964.0,87082.0,88846.0,87082.0,29420
1995-07-18,87670.0,85315.0,89728.0,85315.0,39170
1995-07-19,87670.0,88257.0,89434.0,87668.0,20400
1995-07-20,88552.0,88259.0,89141.0,87964.0,14700
1995-07-21,91494.0,90023.0,91789.0,88258.0,28480
1995-07-22,88847.0,91493.0,91493.0,88845.0,3240
1995-07-24,91200.0,89435.0,91200.0,89435.0,63610
1995-07-25,89729.0,92671.0,92671.0,89729.0,9990
1995-07-26,87081.0,89435.0,89729.0,87082.0,10170
1995-07-27,87081.0,87082.0,88846.0,86787.0,25840
1995-07-28,85316.0,86199.0,86493.0,85316.0,9530
1995-07-29,84728.0,85315.0,85609.0,84727.0,2760
1995-07-31,85316.0,84728.0,86493.0,84728.0,5650
1995-08-01,85316.0,85316.0,85905.0,84728.0,8250
1995-08-02,84139.0,85905.0,85905.0,84140.0,4330
1995-08-03,81492.0,84139.0,84139.0,81491.0,9170
1995-08-04,86199.0,81491.0,86198.0,79726.0,24750
1995-08-05,84728.0,82373.0,86198.0,82373.0,30420
1995-08-07,82374.0,82374.0,83845.0,80609.0,44700
1995-08-08,83845.0,82374.0,83846.0,82374.0,11960
1995-08-09,83845.0,83846.0,85316.0,82374.0,5320
1995-08-10,82374.0,84433.0,85316.0,82374.0,2090
1995-08-11,82374.0,82374.0,83551.0,82374.0,9590
1995-08-12,82374.0,82374.0,83257.0,82374.0,42690
1995-08-14,83845.0,82374.0,83846.0,82374.0,9880
1995-08-16,84728.0,83844.0,84727.0,82373.0,9940
1995-08-17,84139.0,84434.0,84434.0,82374.0,9840
1995-08-18,84139.0,82374.0,84140.0,82374.0,22470
1995-08-19,82374.0,82374.0,83845.0,82374.0,2890
1995-08-21,83845.0,83846.0,83846.0,82374.0,8970
1995-08-22,83845.0,82963.0,83846.0,82963.0,4110
1995-08-23,83845.0,82374.0,83846.0,82374.0,10090
1995-08-24,84728.0,85315.0,85315.0,83256.0,6400
1995-08-25,83845.0,83846.0,85316.0,83846.0,6730
1995-08-26,84139.0,83846.0,84140.0,83846.0,3000
1995-08-28,83845.0,84728.0,84728.0,83846.0,3760
1995-08-29,84139.0,83846.0,85023.0,83846.0,30380
1995-08-30,83845.0,83846.0,83846.0,83551.0,3290
1995-08-31,84139.0,83846.0,84140.0,82669.0,7000
1995-09-01,82374.0,84139.0,84139.0,82374.0,4390
1995-09-02,82669.0,82373.0,83845.0,82373.0,2490
1995-09-04,82374.0,82669.0,82669.0,82374.0,4240
1995-09-05,82963.0,82373.0,82962.0,82373.0,9790
1995-09-06,83845.0,83846.0,83846.0,82374.0,10940
1995-09-07,84139.0,87670.0,87670.0,83846.0,4970
1995-09-11,82963.0,84139.0,84139.0,82373.0,11470
1995-09-12,83551.0,82374.0,83845.0,82374.0,8440
1995-09-13,86493.0,84139.0,86493.0,83845.0,26920
1995-09-14,87376.0,87081.0,87669.0,86492.0,27020
1995-09-15,89141.0,87375.0,89434.0,86786.0,38980
1995-09-16,90318.0,89728.0,90316.0,88845.0,21390
1995-09-18,90318.0,90905.0,91199.0,89728.0,41540
1995-09-19,91789.0,90316.0,95024.0,89434.0,67930
1995-09-20,92377.0,89728.0,92375.0,89728.0,29330
1995-09-21,93260.0,93552.0,93847.0,91199.0,42910
1995-09-22,91494.0,94142.0,94142.0,91494.0,25550
1995-09-23,90612.0,89728.0,90905.0,89728.0,7510
1995-09-25,90612.0,89140.0,91788.0,89140.0,17330
1995-09-26,90023.0,91200.0,92376.0,89729.0,41130
1995-09-27,88258.0,90023.0,90023.0,88258.0,10240
1995-09-28,90318.0,88257.0,91199.0,88257.0,16450
1995-09-29,91789.0,90316.0,94141.0,90316.0,51440
1995-09-30,91789.0,92376.0,92376.0,90316.0,12320
1995-10-02,90318.0,90316.0,91199.0,90316.0,7880
1995-10-04,93260.0,90611.0,93847.0,90611.0,79370
1995-10-05,96790.0,93258.0,97082.0,92669.0,123340
1995-10-06,98555.0,97673.0,100614.0,97673.0,181020
1995-10-07,97084.0,98555.0,98555.0,96790.0,43420
1995-10-09,98849.0,97084.0,100909.0,97084.0,62880
1995-10-10,97084.0,96790.0,98849.0,96790.0,11480
1995-10-11,100026.0,97672.0,101496.0,97672.0,59310
1995-10-12,98555.0,100909.0,100909.0,97084.0,73740
1995-10-13,98555.0,98849.0,99143.0,96790.0,33150
1995-10-14,99143.0,98555.0,99732.0,98555.0,27530
1995-10-16,98555.0,97084.0,99732.0,97084.0,20010
1995-10-17,97967.0,97671.0,98554.0,95906.0,13710
1995-10-18,97967.0,97965.0,97965.0,96200.0,18740
1995-10-19,96201.0,96790.0,97378.0,95907.0,11080
1995-10-20,94142.0,96202.0,96202.0,93260.0,18320
1995-10-21,97084.0,94142.0,97084.0,94142.0,8850
1995-10-23,93260.0,93258.0,94729.0,93258.0,6840
1995-10-24,95613.0,93259.0,95613.0,93259.0,10260
1995-10-25,95613.0,95613.0,96495.0,94142.0,15940
1995-10-26,95613.0,95613.0,96201.0,95319.0,7030
1995-10-27,95319.0,95612.0,95612.0,94141.0,14490
1995-10-28,92965.0,94142.0,94436.0,92966.0,3430
1995-10-30,92671.0,92671.0,93553.0,92671.0,6120
1995-10-31,94142.0,92377.0,94142.0,92377.0,2990
1995-11-01,94730.0,93553.0,94730.0,93553.0,1390
1995-11-02,95613.0,94730.0,95907.0,94730.0,28240
1995-11-03,94436.0,94142.0,94436.0,92670.0,4170
1995-11-04,94436.0,94142.0,94436.0,94142.0,2540
1995-11-06,95613.0,94142.0,95613.0,94142.0,9740
1995-11-07,95613.0,94436.0,95613.0,94436.0,12210
1995-11-08,94730.0,95613.0,95907.0,94730.0,39900
1995-11-09,94142.0,94142.0,95319.0,94142.0,22480
1995-11-10,93848.0,92670.0,94141.0,92670.0,16990
1995-11-11,95319.0,93847.0,95318.0,93847.0,3880
1995-11-13,92377.0,94141.0,95024.0,92375.0,25990
1995-11-14,92083.0,92376.0,92376.0,92082.0,8520
1995-11-15,91200.0,92670.0,92670.0,90612.0,15760
1995-11-16,87376.0,90905.0,91199.0,85904.0,19100
1995-11-17,87670.0,88257.0,88257.0,86198.0,20540
1995-11-18,86493.0,87669.0,87963.0,84433.0,7170
1995-11-20,85316.0,84433.0,85905.0,84433.0,1350
1995-11-21,82963.0,85315.0,85315.0,82962.0,4580
1995-11-22,84139.0,82963.0,84434.0,82963.0,4860
1995-11-23,85316.0,85316.0,85316.0,85316.0,3430
1995-11-24,88258.0,80315.0,88258.0,80315.0,510
1995-11-25,87670.0,87080.0,87668.0,87080.0,1530
1995-11-27,88258.0,85316.0,88258.0,85316.0,2330
1995-11-28,87964.0,87964.0,88258.0,86787.0,3630
1995-11-29,87964.0,86493.0,87964.0,86493.0,310
1995-11-30,85022.0,87670.0,87670.0,85022.0,4390
1995-12-01,84728.0,83550.0,86492.0,83550.0,3830
1995-12-02,83845.0,85316.0,85316.0,83551.0,5220
1995-12-04,85022.0,85022.0,85022.0,83846.0,720
1995-12-05,85022.0,85316.0,85316.0,85022.0,2310
1995-12-06,87670.0,85315.0,88257.0,85315.0,51340
1995-12-07,85610.0,87375.0,89435.0,85610.0,26260
1995-12-08,85022.0,85905.0,86199.0,85022.0,8970
1995-12-09,88258.0,85610.0,88552.0,85316.0,12900
1995-12-11,87081.0,88258.0,88258.0,87082.0,1670
1995-12-12,86787.0,87081.0,87669.0,86787.0,10730
1995-12-13,86199.0,88258.0,88258.0,85315.0,1280
1995-12-14,83845.0,85316.0,85316.0,83846.0,6750
1995-12-15,82669.0,83256.0,84433.0,82668.0,2890
1995-12-16,80903.0,82080.0,82668.0,80903.0,1420
1995-12-18,76785.0,79431.0,80608.0,76784.0,3640
1995-12-19,81198.0,75312.0,81196.0,75312.0,3980
1995-12-20,81198.0,81491.0,81491.0,80019.0,15560
1995-12-21,83845.0,81197.0,83846.0,81197.0,26470
1995-12-22,82374.0,82669.0,83845.0,82374.0,6580
1995-12-23,80903.0,82374.0,82962.0,80903.0,3650
1995-12-26,80021.0,83550.0,83550.0,78843.0,5820
1995-12-27,80021.0,80019.0,80314.0,78843.0,4240
1996-01-03,84232.0,81224.0,84233.0,80924.0,700
1996-01-04,81826.0,84231.0,86036.0,81824.0,37700
1996-01-05,82427.0,78817.0,83028.0,78817.0,18300
1996-01-06,81224.0,82127.0,82427.0,81224.0,3900
1996-01-08,80622.0,78817.0,81826.0,78817.0,6200
1996-01-09,83330.0,79719.0,83329.0,79719.0,36820
1996-01-10,82427.0,81224.0,84232.0,81224.0,5400
1996-01-11,85135.0,81223.0,85133.0,81223.0,13230
1996-01-12,87241.0,87240.0,87240.0,85134.0,27600
1996-01-13,84533.0,87241.0,87241.0,84533.0,1810
1996-01-15,82728.0,84232.0,86037.0,82728.0,11490
1996-01-16,83029.0,81525.0,83029.0,81525.0,2930
1996-01-17,81826.0,83027.0,83027.0,81824.0,5950
1996-01-18,81224.0,81826.0,81826.0,79118.0,13210
1996-01-19,81224.0,81224.0,81826.0,80321.0,15960
1996-01-20,81224.0,81224.0,82427.0,81224.0,23580
1996-01-22,79720.0,81223.0,81223.0,79718.0,3200
1996-01-23,81224.0,79720.0,81224.0,79720.0,12850
1996-01-24,81525.0,81825.0,84232.0,81524.0,18230
1996-01-25,82728.0,84834.0,84834.0,81525.0,8990
1996-01-26,82127.0,82727.0,83630.0,81524.0,3920
1996-01-27,84232.0,81525.0,84233.0,81525.0,12870
1996-01-29,84232.0,83330.0,84533.0,83330.0,28400
1996-01-30,85436.0,85434.0,85735.0,84532.0,28270
1996-01-31,84533.0,80321.0,87241.0,80321.0,15380
1996-02-01,85135.0,84231.0,85434.0,83930.0,41690
1996-02-02,84232.0,85736.0,85736.0,83932.0,9700
1996-02-03,85436.0,83027.0,85434.0,83027.0,4060
1996-02-05,85135.0,83027.0,85735.0,83027.0,6860
1996-02-06,83932.0,85435.0,85435.0,83329.0,26810
1996-02-07,84232.0,83932.0,84233.0,82728.0,5670
1996-02-08,84533.0,83631.0,85436.0,83631.0,42110
1996-02-09,86639.0,84233.0,87542.0,84233.0,129390
1996-02-10,86338.0,86639.0,86639.0,85736.0,14980
1996-02-12,84232.0,85736.0,87241.0,84233.0,17260
1996-02-13,81826.0,83027.0,84231.0,81824.0,21100
1996-02-14,82728.0,84232.0,84232.0,81825.0,12540
1996-02-15,83330.0,82125.0,83630.0,82125.0,21090
1996-02-16,84232.0,83330.0,85135.0,82728.0,24970
1996-02-17,87842.0,85134.0,88143.0,85134.0,42970
1996-02-21,86338.0,87241.0,87241.0,86037.0,18600
1996-02-22,85436.0,85434.0,85735.0,85434.0,5860
1996-02-23,85135.0,85735.0,85735.0,85133.0,5480
1996-02-24,84232.0,85436.0,85436.0,84233.0,2580
1996-02-26,85135.0,83329.0,86638.0,83329.0,40490
1996-02-27,86338.0,84232.0,86338.0,84232.0,38920
1996-02-28,87241.0,86939.0,89045.0,86036.0,50260
1996-02-29,86037.0,87241.0,87241.0,85435.0,24000
1996-03-02,84834.0,85435.0,86037.0,84834.0,13430
1996-03-04,84533.0,85135.0,85135.0,84233.0,9370
1996-03-05,84533.0,84233.0,84533.0,83631.0,26140
1996-03-06,83631.0,84532.0,84532.0,83630.0,8480
1996-03-07,82427.0,83028.0,83028.0,82126.0,10600
1996-03-08,82427.0,81825.0,82728.0,81825.0,32880
1996-03-09,83029.0,82427.0,83029.0,82427.0,12420
1996-03-11,82427.0,79419.0,83028.0,79419.0,3960
1996-03-12,81826.0,81223.0,82426.0,81223.0,670
1996-03-13,79720.0,81223.0,81524.0,79718.0,14130
1996-03-14,78517.0,79719.0,80320.0,78215.0,34160
1996-03-15,82728.0,80622.0,82728.0,79719.0,14810
1996-03-16,82728.0,82728.0,82728.0,81224.0,6010
1996-03-18,84232.0,81826.0,84233.0,81826.0,22950
1996-03-19,86338.0,84232.0,86338.0,84232.0,49040
1996-03-20,86338.0,85135.0,86338.0,85135.0,12590
1996-03-21,85737.0,86337.0,87240.0,85134.0,12650
1996-03-22,86338.0,85736.0,86940.0,85736.0,15160
1996-03-23,86037.0,86940.0,86940.0,85736.0,6430
1996-03-25,85436.0,84231.0,86036.0,84231.0,7030
1996-03-26,84232.0,85436.0,85436.0,83932.0,12860
1996-03-27,85135.0,83630.0,85133.0,83630.0,5510
1996-03-28,84533.0,85135.0,85436.0,83932.0,8310
1996-03-29,84533.0,84834.0,85436.0,84533.0,30760
1996-03-30,83631.0,84532.0,84532.0,83329.0,9840
1996-04-01,83631.0,83630.0,86036.0,83630.0,66760
1996-04-02,85737.0,83630.0,86939.0,83630.0,57460
1996-04-03,87241.0,86338.0,88142.0,85134.0,42070
1996-04-04,87842.0,87240.0,88443.0,83931.0,67570
1996-04-06,89647.0,86639.0,89648.0,86339.0,72130
1996-04-08,90249.0,89647.0,93257.0,88744.0,120420
1996-04-09,87842.0,89647.0,90249.0,87842.0,36090
1996-04-10,87842.0,87240.0,89046.0,87240.0,42500
1996-04-12,88444.0,88444.0,89046.0,87842.0,36420
1996-04-13,90249.0,89045.0,90248.0,87841.0,37470
1996-04-15,88444.0,90249.0,90249.0,87842.0,17280
1996-04-16,88444.0,88444.0,89647.0,87842.0,57860
1996-04-17,90249.0,88744.0,90850.0,88744.0,53760
1996-04-18,88745.0,90248.0,90248.0,88142.0,109220
1996-04-19,93859.0,89646.0,93857.0,89345.0,120240
1996-04-20,93859.0,93557.0,94760.0,92354.0,57310
1996-04-22,95363.0,93859.0,97770.0,92957.0,76530
1996-04-23,93859.0,96866.0,97468.0,92654.0,64420
1996-04-24,93257.0,93858.0,93858.0,92956.0,30290
1996-04-25,94461.0,93256.0,96264.0,92655.0,90490
1996-04-26,92656.0,94459.0,94459.0,92655.0,29300
1996-04-27,95363.0,92656.0,95363.0,92656.0,42570
1996-04-29,96266.0,95963.0,97166.0,94760.0,53580
1996-04-30,94461.0,97167.0,97769.0,93858.0,34350
1996-05-02,93257.0,94460.0,94460.0,92655.0,61830
1996-05-03,92956.0,93257.0,93257.0,91754.0,29010
1996-05-04,96266.0,91752.0,96264.0,91752.0,22380
1996-05-06,95363.0,93257.0,95965.0,93257.0,29430
1996-05-07,98672.0,95363.0,99274.0,95363.0,162600
1996-05-08,101079.0,98671.0,104387.0,98671.0,258080
1996-05-09,99274.0,101078.0,103184.0,98972.0,130670
1996-05-10,100477.0,99274.0,100778.0,98371.0,68190
1996-05-11,102884.0,102281.0,103485.0,100476.0,65170
1996-05-13,102282.0,102883.0,104388.0,100778.0,61460
1996-05-14,99876.0,102281.0,102281.0,99874.0,48870
1996-05-15,98672.0,99274.0,99274.0,96867.0,27390
1996-05-16,96566.0,96566.0,99273.0,96566.0,33250
1996-05-17,96566.0,96566.0,96867.0,95062.0,60170
1996-05-18,95062.0,97168.0,97168.0,95063.0,5330
1996-05-20,96867.0,95062.0,99574.0,95062.0,13720
1996-05-21,96266.0,96264.0,97166.0,95061.0,36740
1996-05-22,97168.0,95062.0,97168.0,95062.0,20420
1996-05-23,97168.0,97168.0,98973.0,95363.0,65860
1996-05-25,96266.0,97468.0,98069.0,96264.0,4500
1996-05-27,97168.0,96265.0,97168.0,95062.0,23760
1996-05-28,95965.0,97166.0,98069.0,95963.0,79290
1996-05-29,96266.0,95963.0,97769.0,95061.0,16400
1996-05-30,98071.0,96265.0,98070.0,95062.0,30170
1996-05-31,97770.0,98070.0,99273.0,97769.0,41420
1996-06-01,97469.0,98972.0,98972.0,96264.0,17500
1996-06-03,96266.0,96866.0,96866.0,95061.0,4040
1996-06-04,97770.0,96264.0,97769.0,95061.0,22250
1996-06-05,97770.0,96264.0,97769.0,96264.0,22640
1996-06-07,99274.0,97769.0,102281.0,97769.0,142380
1996-06-08,97770.0,99574.0,100176.0,97769.0,20570
1996-06-10,96266.0,97769.0,100175.0,95963.0,46590
1996-06-11,94761.0,95062.0,97770.0,94762.0,19690
1996-06-12,91753.0,94762.0,94762.0,90850.0,24530
1996-06-13,92956.0,91754.0,93257.0,91151.0,46370
1996-06-14,90249.0,91451.0,91753.0,90248.0,9960
1996-06-15,90249.0,90549.0,90549.0,89947.0,14690
1996-06-17,88745.0,90248.0,90248.0,87841.0,11300
1996-06-18,92054.0,89045.0,92354.0,88743.0,30580
1996-06-19,91452.0,91452.0,92355.0,90249.0,12990
1996-06-20,91753.0,91151.0,91753.0,90850.0,7340
1996-06-21,91753.0,91151.0,92656.0,91151.0,31400
1996-06-22,90851.0,92354.0,92354.0,90548.0,10760
1996-06-24,89347.0,90248.0,90248.0,88743.0,7310
1996-06-25,88745.0,89346.0,90248.0,88743.0,44770
1996-06-26,86037.0,88744.0,88744.0,86037.0,41260
1996-06-27,86639.0,86037.0,86940.0,85736.0,27830
1996-06-28,88745.0,86638.0,88743.0,86638.0,43390
1996-06-29,88745.0,87540.0,88743.0,87540.0,28630
1996-07-01,88745.0,87540.0,89346.0,87540.0,2510
1996-07-02,88143.0,92956.0,92956.0,88143.0,3720
1996-07-03,88143.0,88143.0,88744.0,87240.0,10190
1996-07-04,88143.0,88744.0,90249.0,88143.0,7350
1996-07-05,87542.0,88743.0,88743.0,87239.0,18760
1996-07-06,87542.0,87540.0,88743.0,86939.0,26190
1996-07-08,90249.0,87240.0,91753.0,87240.0,13670
1996-07-09,89347.0,90549.0,90549.0,89045.0,5220
1996-07-10,89347.0,89045.0,89947.0,88743.0,8910
1996-07-11,89347.0,90248.0,90248.0,89346.0,9920
1996-07-12,88143.0,88744.0,88744.0,88143.0,23550
1996-07-13,86940.0,87541.0,87541.0,86939.0,5970
1996-07-15,84232.0,86940.0,86940.0,84233.0,9000
1996-07-16,83330.0,83028.0,83630.0,83028.0,5200
1996-07-18,84232.0,83330.0,84834.0,83330.0,8270
1996-07-19,87241.0,84532.0,87240.0,84532.0,14040
1996-07-20,85436.0,86638.0,86638.0,85434.0,590
1996-07-22,85737.0,85434.0,86337.0,85434.0,4830
1996-07-23,86639.0,85736.0,86639.0,85736.0,2560
1996-07-24,85135.0,86939.0,86939.0,84833.0,9540
1996-07-25,85135.0,85133.0,85735.0,85133.0,6630
1996-07-26,87241.0,85735.0,87240.0,85735.0,9420
1996-07-27,85737.0,85735.0,85735.0,85735.0,130
1996-07-29,85737.0,85735.0,87540.0,85134.0,28620
1996-07-30,87542.0,85735.0,88142.0,85133.0,9500
1996-07-31,88143.0,85435.0,88443.0,85435.0,5320
1996-08-01,91151.0,85134.0,91753.0,85134.0,68570
1996-08-02,90249.0,91151.0,91151.0,89346.0,56190
1996-08-03,89647.0,88745.0,89648.0,88745.0,6380
1996-08-05,92054.0,88743.0,92053.0,88443.0,54340
1996-08-06,92355.0,92354.0,93256.0,90850.0,26970
1996-08-07,93558.0,92355.0,97469.0,92355.0,146530
1996-08-08,93558.0,94761.0,95964.0,93558.0,307950
1996-08-09,88745.0,93256.0,93256.0,88743.0,22840
1996-08-10,89647.0,88444.0,89948.0,88444.0,27550
1996-08-12,88444.0,89647.0,90249.0,87541.0,84510
1996-08-13,87241.0,88443.0,89346.0,86939.0,92160
1996-08-14,85737.0,87240.0,87240.0,85735.0,11410
1996-08-16,85135.0,85133.0,85735.0,84532.0,21040
1996-08-17,86639.0,85135.0,86639.0,85135.0,5830
1996-08-19,84533.0,86940.0,86940.0,84533.0,6130
1996-08-20,82728.0,84232.0,84533.0,82728.0,24340
1996-08-21,80622.0,81224.0,82427.0,80321.0,11800
1996-08-22,82127.0,80922.0,82426.0,80922.0,7810
1996-08-23,80021.0,80019.0,82125.0,79418.0,22330
1996-08-24,81224.0,81224.0,82127.0,80924.0,13400
1996-08-26,78817.0,81224.0,81224.0,77313.0,9810
1996-08-27,76712.0,77011.0,82125.0,76710.0,89710
1996-08-28,77313.0,76711.0,78216.0,76411.0,334560
1996-08-29,77915.0,77914.0,78215.0,77312.0,35770
1996-08-30,80322.0,77914.0,80320.0,77613.0,105000
1996-08-31,78517.0,79117.0,79117.0,78215.0,11200
1996-09-02,79118.0,78516.0,79419.0,78216.0,19580
1996-09-03,77614.0,79118.0,79118.0,77313.0,8670
1996-09-04,78216.0,77614.0,78817.0,77614.0,26160
1996-09-05,77313.0,78216.0,78216.0,77012.0,21010
1996-09-06,76110.0,76711.0,77312.0,75207.0,34510
1996-09-07,75809.0,76411.0,76712.0,74606.0,10750
1996-09-09,76110.0,74605.0,78215.0,74605.0,11920
1996-09-10,80322.0,75207.0,80622.0,75207.0,36730
1996-09-11,78517.0,80020.0,80020.0,78516.0,7900
1996-09-12,77313.0,77915.0,78216.0,77313.0,2370
1996-09-13,78216.0,76711.0,78817.0,76711.0,7610
1996-09-14,77012.0,77012.0,78216.0,77012.0,1490
1996-09-16,79118.0,77313.0,79419.0,77313.0,27860
1996-09-17,77614.0,79118.0,79118.0,77614.0,310
1996-09-18,77313.0,77614.0,77915.0,77313.0,7070
1996-09-19,75809.0,77615.0,77615.0,75809.0,8460
1996-09-20,74305.0,76411.0,76711.0,73703.0,18930
1996-09-21,74606.0,74604.0,74604.0,73702.0,12010
1996-09-23,74004.0,74907.0,75809.0,74004.0,69940
1996-09-24,72801.0,74003.0,74605.0,70694.0,22150
1996-09-25,73102.0,72800.0,74906.0,72199.0,33140
1996-09-30,72199.0,73402.0,75208.0,72199.0,13320
1996-10-01,73703.0,72500.0,74004.0,70695.0,36280
1996-10-02,77915.0,74604.0,77914.0,73101.0,55240
1996-10-04,79118.0,78817.0,79419.0,76110.0,70440
1996-10-05,77614.0,78517.0,78817.0,77614.0,13110
1996-10-07,78216.0,74605.0,79719.0,74605.0,38600
1996-10-08,79720.0,79117.0,79718.0,78215.0,24350
1996-10-09,81224.0,79118.0,82728.0,78216.0,44510
1996-10-10,82427.0,82728.0,83931.0,81224.0,31590
1996-10-11,82427.0,82427.0,84232.0,82427.0,25720
1996-10-12,81224.0,82427.0,83631.0,81224.0,12380
1996-10-14,81224.0,81224.0,81826.0,80021.0,18290
1996-10-15,82427.0,82427.0,83931.0,81224.0,35080
1996-10-16,84533.0,81224.0,84834.0,81224.0,48420
1996-10-17,85135.0,86337.0,86337.0,84231.0,60730
1996-10-18,82127.0,85133.0,85434.0,81824.0,33520
1996-10-19,83330.0,83028.0,83931.0,81825.0,20680
1996-10-21,83330.0,83329.0,84833.0,82426.0,31710
1996-10-22,81224.0,83932.0,83932.0,81224.0,14550
1996-10-23,81826.0,81223.0,81824.0,79718.0,6110
1996-10-24,79720.0,81524.0,81524.0,79718.0,22450
1996-10-25,78216.0,78215.0,79418.0,78215.0,6160
1996-10-26,76712.0,78515.0,78515.0,76710.0,5200
1996-10-28,76712.0,77011.0,77914.0,76710.0,7900
1996-10-29,74606.0,76710.0,76710.0,74604.0,19560
1996-10-30,74907.0,74304.0,75207.0,74304.0,24230
1996-10-31,76411.0,76109.0,78215.0,75507.0,11330
1996-11-01,76712.0,76409.0,76710.0,76109.0,5310
1996-11-02,75508.0,76712.0,76712.0,75509.0,2240
1996-11-04,75207.0,75508.0,75809.0,75208.0,11930
1996-11-05,73703.0,74304.0,75207.0,73101.0,10490
1996-11-06,76712.0,75206.0,76710.0,74906.0,6360
1996-11-07,78216.0,76711.0,78215.0,76109.0,16000
1996-11-08,77012.0,76711.0,77915.0,76711.0,6280
1996-11-09,76411.0,74003.0,76409.0,74003.0,1720
1996-11-11,74004.0,75809.0,76110.0,74004.0,2040
1996-11-12,77614.0,74605.0,77614.0,74605.0,5130
1996-11-13,74907.0,74906.0,77613.0,74906.0,3730
1996-11-14,74305.0,73703.0,75208.0,73703.0,9500
1996-11-15,74606.0,76410.0,76410.0,74604.0,12090
1996-11-16,74907.0,76410.0,76410.0,74906.0,2400
1996-11-18,74305.0,75208.0,76110.0,74305.0,4090
1996-11-19,76110.0,75207.0,76109.0,75207.0,4800
1996-11-20,76110.0,76109.0,76109.0,75207.0,6090
1996-11-21,74907.0,74304.0,75808.0,74304.0,10990
1996-11-22,73102.0,74605.0,74906.0,73101.0,9580
1996-11-25,72199.0,72199.0,72199.0,71296.0,3350
1996-11-26,71598.0,72198.0,72198.0,71295.0,3720
1996-11-27,71598.0,72198.0,72499.0,71596.0,5680
1996-11-28,72500.0,72500.0,72801.0,71898.0,12070
1996-11-29,75207.0,72801.0,75809.0,72801.0,15250
1996-11-30,74004.0,75207.0,75207.0,73703.0,5160
1996-12-02,73102.0,69190.0,73702.0,69190.0,4980
1996-12-03,72801.0,70694.0,73101.0,70694.0,4000
1996-12-04,72199.0,71597.0,72199.0,70394.0,28830
1996-12-05,70695.0,72199.0,72199.0,70695.0,15610
1996-12-06,70695.0,70695.0,72500.0,70394.0,15400
1996-12-07,70093.0,70695.0,71297.0,70094.0,7020
1996-12-09,69191.0,70694.0,70694.0,69190.0,8880
1996-12-10,68589.0,69191.0,69191.0,67987.0,6000
1996-12-11,68890.0,68890.0,69191.0,68890.0,6800
1996-12-12,70093.0,69793.0,72801.0,69793.0,19220
1996-12-13,70394.0,70695.0,70695.0,68589.0,12060
1996-12-14,70695.0,70695.0,70695.0,70093.0,6960
1996-12-16,68589.0,70695.0,70695.0,68589.0,13560
1996-12-17,68589.0,69492.0,69492.0,64678.0,24440
1996-12-18,65882.0,66181.0,67986.0,65580.0,8170
1996-12-19,68589.0,66182.0,69191.0,66182.0,16230
1996-12-20,72199.0,67687.0,72199.0,67085.0,48510
1996-12-21,70996.0,69791.0,72499.0,69791.0,57470
1996-12-23,70695.0,70995.0,72199.0,70695.0,51380
1996-12-24,68589.0,70695.0,72500.0,68288.0,31560
1996-12-26,66183.0,66181.0,68588.0,63474.0,20580
1996-12-27,61068.0,66182.0,66182.0,61069.0,62580
1997-01-03,61385.0,61700.0,65814.0,61068.0,19000
1997-01-04,61068.0,61701.0,62334.0,60436.0,23630
1997-01-06,56955.0,61385.0,61385.0,56322.0,10910
1997-01-07,55689.0,56955.0,57271.0,55373.0,24500
1997-01-08,58537.0,56005.0,58537.0,54424.0,21030
1997-01-09,62018.0,59801.0,62016.0,58536.0,15610
1997-01-10,64549.0,62017.0,66131.0,62017.0,44370
1997-01-11,66448.0,64548.0,66447.0,63599.0,3640
1997-01-13,65182.0,64864.0,66446.0,64547.0,8410
1997-01-14,70245.0,64864.0,70243.0,64864.0,39380
1997-01-15,72143.0,71194.0,73409.0,70244.0,76310
1997-01-16,72460.0,72142.0,73408.0,70560.0,42220
1997-01-17,72460.0,72459.0,72459.0,70560.0,52700
1997-01-18,72460.0,71826.0,72459.0,71509.0,37980
1997-01-20,74991.0,73724.0,74990.0,72459.0,52560
1997-01-21,74358.0,75624.0,75624.0,70560.0,142070
1997-01-22,71510.0,71511.0,72777.0,70561.0,48180
1997-01-23,70245.0,70243.0,71193.0,68978.0,44550
1997-01-24,69612.0,68978.0,69611.0,67080.0,14170
1997-01-25,69295.0,68346.0,70244.0,68346.0,8910
1997-01-27,70245.0,69294.0,71193.0,68028.0,57560
1997-01-28,68662.0,69612.0,70878.0,68346.0,18120
1997-01-29,67080.0,68662.0,69612.0,67081.0,26950
1997-01-30,66448.0,67396.0,67396.0,65814.0,34150
1997-01-31,69928.0,66448.0,69928.0,65815.0,32970
1997-02-01,70877.0,70560.0,72143.0,70244.0,68610
1997-02-03,72143.0,70877.0,72460.0,70877.0,47420
1997-02-04,72143.0,72143.0,72776.0,71510.0,13540
1997-02-05,72143.0,71510.0,73725.0,69929.0,39300
1997-02-06,73725.0,73092.0,76256.0,72776.0,35350
1997-02-10,73092.0,74041.0,74041.0,72776.0,11150
1997-02-11,72460.0,71193.0,74674.0,71193.0,22000
1997-02-12,75940.0,72776.0,75940.0,72143.0,36590
1997-02-13,73725.0,75939.0,77205.0,73725.0,32380
1997-02-14,73092.0,75940.0,75940.0,73092.0,6170
1997-02-15,73725.0,74041.0,74041.0,73092.0,3540
1997-02-17,71827.0,73724.0,73724.0,71826.0,4670
1997-02-18,69612.0,71193.0,71509.0,69611.0,11750
1997-02-19,68979.0,68978.0,68978.0,68662.0,33230
1997-02-20,70561.0,71194.0,71194.0,69612.0,18570
1997-02-21,66448.0,70560.0,70560.0,66447.0,11720
1997-02-22,64549.0,65815.0,65815.0,64549.0,17820
1997-02-24,64233.0,63599.0,65181.0,63282.0,16150
1997-02-25,64233.0,64548.0,64548.0,62966.0,27080
1997-02-26,63916.0,64233.0,66448.0,63283.0,71460
1997-02-27,59170.0,63282.0,63282.0,59168.0,39980
1997-02-28,59803.0,59168.0,61700.0,59168.0,85140
1997-03-03,63916.0,61701.0,63916.0,60436.0,50750
1997-03-04,64233.0,64548.0,64548.0,62649.0,44530
1997-03-05,62967.0,64548.0,64548.0,62966.0,20960
1997-03-06,62651.0,62333.0,63915.0,62016.0,103310
1997-03-07,64549.0,63283.0,65815.0,62967.0,61520
1997-03-08,63283.0,65182.0,65498.0,63284.0,62760
1997-03-10,61068.0,63284.0,63284.0,61069.0,31620
1997-03-11,59803.0,60118.0,60434.0,59485.0,28880
1997-03-12,59803.0,59801.0,60751.0,59485.0,19060
1997-03-13,59170.0,60118.0,60751.0,59168.0,17640
1997-03-14,56955.0,59486.0,59486.0,56955.0,23310
1997-03-15,57271.0,56955.0,57905.0,56955.0,18560
1997-03-17,59170.0,57587.0,59168.0,57587.0,16300
1997-03-18,60119.0,59170.0,61701.0,59170.0,128050
1997-03-19,60119.0,60752.0,61386.0,59170.0,74420
1997-03-20,61068.0,60752.0,61385.0,59170.0,41260
1997-03-21,60119.0,60119.0,60119.0,59486.0,11480
1997-03-22,59803.0,59485.0,60118.0,58536.0,16930
1997-03-24,58537.0,59486.0,59803.0,56955.0,13660
1997-03-25,60119.0,57588.0,60119.0,57588.0,41140
1997-03-26,61701.0,60436.0,62334.0,60119.0,84960
1997-03-27,62967.0,61700.0,62966.0,60435.0,97310
1997-03-28,62967.0,62966.0,63916.0,61700.0,209060
1997-03-29,62651.0,62966.0,63282.0,62333.0,30510
1997-03-31,64865.0,63916.0,64865.0,62650.0,109520
1997-04-01,63283.0,66131.0,66131.0,62334.0,47200
1997-04-02,64233.0,63282.0,64548.0,62016.0,110410
1997-04-03,64549.0,64865.0,68346.0,64233.0,305730
1997-04-04,68979.0,66447.0,68978.0,65181.0,247460
1997-04-07,66764.0,68345.0,68978.0,66763.0,109700
1997-04-08,68662.0,67397.0,70245.0,66764.0,236130
1997-04-09,67713.0,68662.0,68662.0,66447.0,64230
1997-04-10,65182.0,68028.0,68345.0,65180.0,54110
1997-04-11,64865.0,65498.0,66447.0,63916.0,76360
1997-04-12,66131.0,66448.0,67397.0,66131.0,62220
1997-04-14,66131.0,66448.0,68030.0,66131.0,41830
1997-04-15,67080.0,67396.0,68346.0,66448.0,59180
1997-04-16,66448.0,67080.0,67080.0,65814.0,27720
1997-04-17,65815.0,66447.0,66447.0,65181.0,30780
1997-04-18,68030.0,66446.0,68028.0,66130.0,72770
1997-04-19,66764.0,68029.0,68029.0,66763.0,34740
1997-04-21,67397.0,67395.0,68978.0,67395.0,85840
1997-04-22,65815.0,67396.0,67396.0,65814.0,58740
1997-04-23,66131.0,66764.0,67397.0,65498.0,57690
1997-04-24,66448.0,66130.0,66763.0,65497.0,37800
1997-04-25,65815.0,66130.0,66447.0,65814.0,35120
1997-04-26,67080.0,66448.0,68346.0,66448.0,28890
1997-04-28,66448.0,67080.0,68662.0,66447.0,56680
1997-04-29,66448.0,67080.0,67396.0,66130.0,42540
1997-04-30,67713.0,68029.0,68346.0,67080.0,59240
1997-05-02,66764.0,67712.0,69295.0,66763.0,75640
1997-05-03,67080.0,67713.0,69612.0,67081.0,97210
1997-05-06,68346.0,69612.0,71826.0,67396.0,242480
1997-05-07,67080.0,68346.0,68662.0,67081.0,57160
1997-05-08,64549.0,67081.0,67713.0,64549.0,129450
1997-05-09,62651.0,64864.0,65180.0,62016.0,139420
1997-05-10,61068.0,63917.0,63917.0,61069.0,55120
1997-05-12,60752.0,61069.0,62334.0,60119.0,37680
1997-05-13,62334.0,60119.0,62334.0,59802.0,35910
1997-05-15,63283.0,61701.0,64865.0,61701.0,55890
1997-05-16,61701.0,64233.0,64549.0,61701.0,31760
1997-05-17,63283.0,62334.0,63284.0,62334.0,15010
1997-05-19,64549.0,63916.0,64865.0,63283.0,69400
1997-05-20,64865.0,64865.0,66131.0,63283.0,65410
1997-05-21,64549.0,65498.0,65498.0,64233.0,30150
1997-05-22,63916.0,64233.0,65498.0,63916.0,62060
1997-05-23,63283.0,62967.0,63917.0,62651.0,24280
1997-05-24,63283.0,64233.0,64233.0,63284.0,23620
1997-05-26,61701.0,63916.0,63916.0,61701.0,73430
1997-05-27,62651.0,62016.0,63282.0,61700.0,31870
1997-05-28,63283.0,62334.0,64233.0,62334.0,35250
1997-05-29,63916.0,63283.0,64865.0,63283.0,47620
1997-05-30,63916.0,63916.0,64233.0,62334.0,59670
1997-05-31,65815.0,64232.0,67396.0,63916.0,91270
1997-06-02,66448.0,66447.0,68662.0,66130.0,118020
1997-06-03,66131.0,67081.0,67081.0,65182.0,64230
1997-06-04,67713.0,66447.0,70244.0,66447.0,232280
1997-06-05,68662.0,68346.0,69612.0,68030.0,131160
1997-06-07,69612.0,68661.0,71826.0,68661.0,80780
1997-06-09,68662.0,68979.0,69612.0,68663.0,50410
1997-06-10,67080.0,68979.0,69612.0,66764.0,59890
1997-06-11,67080.0,67081.0,68662.0,66764.0,100830
1997-06-12,67713.0,68029.0,68979.0,67396.0,67640
1997-06-13,69928.0,67713.0,71510.0,67713.0,162180
1997-06-14,70245.0,70560.0,72459.0,69611.0,116110
1997-06-16,69612.0,70876.0,71826.0,68978.0,97190
1997-06-17,70877.0,72776.0,74358.0,70244.0,297460
1997-06-18,67080.0,71194.0,71827.0,66448.0,119050
1997-06-19,64233.0,67712.0,68028.0,63599.0,121640
1997-06-20,65498.0,66131.0,66447.0,64233.0,96590
1997-06-21,64865.0,65498.0,65814.0,64233.0,39380
1997-06-23,63283.0,64233.0,65498.0,63284.0,45780
1997-06-24,63916.0,63600.0,65182.0,63600.0,65990
1997-06-25,62967.0,63916.0,64548.0,62333.0,47570
1997-06-26,63283.0,63284.0,64233.0,62967.0,36910
1997-06-27,61701.0,63283.0,63916.0,61701.0,31970
1997-06-28,62651.0,61700.0,62649.0,61700.0,13230
1997-06-30,62967.0,63599.0,63599.0,62650.0,29660
1997-07-01,63283.0,63284.0,64233.0,62967.0,36490
1997-07-02,65182.0,64232.0,65180.0,63915.0,46260
1997-07-03,64549.0,64549.0,65182.0,64549.0,44790
1997-07-04,64549.0,64549.0,65182.0,63916.0,45500
1997-07-05,63600.0,64548.0,64548.0,63599.0,35180
1997-07-07,64233.0,63599.0,64864.0,63599.0,35780
1997-07-08,65182.0,64232.0,66446.0,63915.0,52230
1997-07-09,66448.0,64864.0,68029.0,64232.0,166020
1997-07-10,65815.0,66447.0,66447.0,65181.0,21510
1997-07-11,67080.0,64865.0,70244.0,64233.0,161400
1997-07-12,67397.0,68028.0,68661.0,67395.0,71500
1997-07-14,66448.0,67396.0,67396.0,65814.0,45570
1997-07-15,65815.0,65814.0,66130.0,64864.0,79530
1997-07-16,63600.0,64548.0,65497.0,63283.0,83110
1997-07-18,63600.0,63599.0,64548.0,63599.0,26990
1997-07-19,63916.0,63916.0,63916.0,62967.0,14770
1997-07-21,63600.0,64232.0,64864.0,62966.0,13530
1997-07-22,62334.0,61701.0,63600.0,61701.0,36790
1997-07-23,63916.0,62967.0,64233.0,62967.0,34700
1997-07-24,65498.0,63916.0,66447.0,63283.0,58570
1997-07-25,64865.0,65498.0,67713.0,64548.0,63350
1997-07-26,63916.0,64865.0,64865.0,63600.0,21350
1997-07-28,64233.0,64232.0,65497.0,64232.0,37200
1997-07-29,65182.0,65813.0,65813.0,63915.0,68000
1997-07-30,64865.0,65181.0,65814.0,64233.0,36420
1997-07-31,64865.0,64548.0,65498.0,64233.0,27220
1997-08-01,65498.0,64865.0,66447.0,64865.0,34960
1997-08-02,64865.0,64548.0,65498.0,64548.0,14580
1997-08-04,65815.0,65497.0,66130.0,64864.0,33650
1997-08-05,65498.0,66447.0,66447.0,64865.0,31450
1997-08-06,65498.0,65498.0,66447.0,64865.0,29790
1997-08-07,64865.0,65814.0,65814.0,64865.0,39920
1997-08-08,65498.0,64865.0,65814.0,64865.0,52810
1997-08-09,66448.0,65814.0,66447.0,65497.0,49060
1997-08-11,67080.0,66764.0,67713.0,65815.0,53160
1997-08-12,66131.0,67081.0,67081.0,66131.0,38830
1997-08-13,66448.0,66130.0,67080.0,65814.0,36940
1997-08-14,65498.0,65814.0,66131.0,64865.0,75620
1997-08-16,63916.0,63600.0,64865.0,63600.0,18620
1997-08-18,63600.0,63916.0,64548.0,63283.0,44030
1997-08-19,63283.0,63600.0,64233.0,63284.0,50690
1997-08-20,63283.0,63284.0,64233.0,62967.0,31750
1997-08-21,62018.0,63282.0,63282.0,61700.0,23330
1997-08-22,62334.0,62017.0,62967.0,61385.0,29800
1997-08-23,62334.0,62650.0,62650.0,62334.0,7150
1997-08-25,63600.0,62333.0,64232.0,61700.0,49440
1997-08-26,64865.0,63600.0,65181.0,63283.0,137970
1997-08-27,64549.0,64233.0,64865.0,63283.0,52960
1997-08-28,62334.0,64233.0,64233.0,62334.0,9680
1997-08-29,61701.0,61701.0,62334.0,61385.0,36100
1997-08-30,59486.0,60752.0,60752.0,59486.0,12730
1997-09-01,60752.0,58538.0,61385.0,58538.0,54960
1997-09-02,61701.0,60119.0,61701.0,59803.0,41470
1997-09-03,61701.0,61701.0,62334.0,60436.0,113580
1997-09-04,60436.0,60435.0,61384.0,60435.0,17370
1997-09-05,61701.0,60119.0,61701.0,59803.0,19770
1997-09-06,60119.0,60119.0,60436.0,59803.0,3860
1997-09-08,61385.0,60118.0,61700.0,60118.0,68830
1997-09-09,61701.0,60119.0,62334.0,60119.0,34180
1997-09-10,61701.0,61701.0,61701.0,60436.0,16340
1997-09-11,60119.0,61701.0,61701.0,59486.0,10860
1997-09-12,61068.0,60436.0,61701.0,60119.0,9150
1997-09-13,60119.0,60436.0,60752.0,60119.0,4210
1997-09-18,60119.0,60119.0,61069.0,59803.0,21180
1997-09-19,59486.0,60119.0,60119.0,59486.0,22940
1997-09-20,58221.0,58852.0,58852.0,57903.0,9520
1997-09-22,58221.0,57587.0,58536.0,57587.0,32950
1997-09-23,57904.0,57905.0,57905.0,57588.0,17440
1997-09-24,57904.0,57905.0,59803.0,56955.0,8660
1997-09-25,57904.0,57905.0,58221.0,57588.0,14360
1997-09-26,57271.0,57588.0,57905.0,55690.0,20500
1997-09-27,56006.0,56954.0,57270.0,55689.0,14610
1997-09-29,56639.0,56004.0,56637.0,55688.0,17060
1997-09-30,56639.0,60751.0,60751.0,56637.0,6570
1997-10-01,56639.0,58536.0,58536.0,53789.0,41030
1997-10-02,55689.0,56955.0,56955.0,55690.0,10370
1997-10-04,54107.0,55056.0,55373.0,53790.0,12280
1997-10-06,55689.0,55057.0,56322.0,54740.0,43400
1997-10-07,55057.0,55056.0,56321.0,55056.0,13840
1997-10-08,55689.0,55690.0,56638.0,54740.0,64470
1997-10-09,55689.0,54424.0,55690.0,54424.0,23730
1997-10-10,55689.0,56322.0,56322.0,54424.0,7210
1997-10-11,55689.0,55057.0,56322.0,54424.0,9140
1997-10-13,55689.0,51259.0,55690.0,51259.0,13000
1997-10-14,55373.0,53790.0,55689.0,53790.0,6490
1997-10-15,53474.0,53790.0,55056.0,53474.0,10810
1997-10-16,50310.0,52209.0,52525.0,49994.0,18490
1997-10-17,49677.0,46830.0,51259.0,46513.0,45550
1997-10-18,50627.0,48410.0,50625.0,47777.0,8040
1997-10-20,46830.0,50626.0,50626.0,46829.0,25900
1997-10-21,47463.0,46829.0,49044.0,46196.0,30740
1997-10-22,49677.0,49045.0,50310.0,47462.0,24860
1997-10-23,50943.0,51259.0,51259.0,49994.0,37240
1997-10-24,47146.0,49994.0,49994.0,47146.0,89700
1997-10-25,44298.0,45880.0,46830.0,43982.0,25000
1997-10-27,40818.0,44298.0,44614.0,40817.0,37880
1997-10-28,37654.0,39551.0,39551.0,37653.0,34020
1997-10-29,37021.0,38602.0,40500.0,34805.0,86390
1997-10-30,34173.0,37020.0,37020.0,34173.0,69330
1997-10-31,32591.0,34805.0,34805.0,32590.0,110580
1997-11-01,35122.0,33540.0,35123.0,33224.0,83710
1997-11-03,37654.0,36387.0,37653.0,34805.0,108830
1997-11-04,40501.0,38919.0,40502.0,38287.0,92750
1997-11-05,43666.0,43665.0,43665.0,42399.0,159970
1997-11-06,44298.0,43666.0,44931.0,42083.0,177400
1997-11-07,40818.0,43981.0,43981.0,40817.0,65580
1997-11-08,37970.0,37654.0,38919.0,37654.0,114270
1997-11-10,40818.0,40817.0,40817.0,38918.0,108620
1997-11-11,40818.0,40501.0,43348.0,39235.0,98380
1997-11-12,41767.0,41134.0,41767.0,39552.0,42820
1997-11-13,41134.0,41767.0,43033.0,40185.0,47990
1997-11-14,41134.0,40501.0,41767.0,39868.0,36720
1997-11-15,40818.0,40501.0,41134.0,40501.0,19190
1997-11-17,37970.0,39869.0,41451.0,37654.0,53050
1997-11-18,37337.0,36704.0,39236.0,36071.0,48560
1997-11-19,38286.0,36704.0,38287.0,36071.0,44910
1997-11-20,36388.0,38285.0,38285.0,35438.0,75020
1997-11-21,39236.0,38918.0,39234.0,35121.0,60650
1997-11-22,36388.0,38602.0,38602.0,36386.0,57660
1997-11-24,33540.0,33856.0,34806.0,33540.0,82920
1997-11-25,32275.0,31008.0,33539.0,31008.0,154300
1997-11-26,33540.0,32591.0,34173.0,31641.0,127310
1997-11-27,32275.0,33856.0,34805.0,31324.0,111670
1997-11-28,29743.0,31642.0,31958.0,29743.0,75280
1997-11-29,28478.0,27368.0,29109.0,27368.0,67170
1997-12-01,26199.0,28161.0,29585.0,26199.0,66290
1997-12-02,24111.0,24110.0,24110.0,24110.0,20820
1997-12-03,22212.0,22213.0,22213.0,22213.0,11890
1997-12-04,23984.0,23984.0,23984.0,23984.0,31940
1997-12-05,25883.0,25882.0,25882.0,25629.0,185360
1997-12-06,23826.0,25566.0,25883.0,23826.0,139830
1997-12-08,21928.0,21958.0,24680.0,21927.0,141270
1997-12-09,20251.0,20471.0,23414.0,20187.0,154880
1997-12-10,21864.0,21516.0,21865.0,20915.0,218820
1997-12-11,20124.0,23098.0,23098.0,20124.0,198580
1997-12-12,18542.0,18890.0,19586.0,18542.0,107840
1997-12-13,19934.0,17403.0,19997.0,17244.0,95800
1997-12-15,21516.0,21200.0,21516.0,21200.0,40120
1997-12-16,23225.0,23225.0,23225.0,23225.0,39190
1997-12-17,25060.0,24301.0,25060.0,23225.0,174780
1997-12-19,23067.0,25312.0,25945.0,23066.0,161720
1997-12-20,23415.0,22465.0,24648.0,21262.0,131830
1997-12-22,22466.0,23730.0,24362.0,22464.0,72340
1997-12-23,20694.0,20883.0,21515.0,20693.0,29620
1997-12-24,19048.0,19049.0,19649.0,19049.0,166890
1997-12-26,20567.0,20567.0,20567.0,20567.0,10690
1997-12-27,20947.0,20566.0,21515.0,18983.0,104370
1998-01-03,22590.0,22246.0,22589.0,20980.0,42340
1998-01-05,23959.0,22931.0,24368.0,22931.0,126630
1998-01-06,24575.0,23958.0,24950.0,23239.0,79520
1998-01-07,24575.0,24916.0,26456.0,23958.0,134140
1998-01-08,24472.0,23617.0,24643.0,23103.0,168000
1998-01-09,22521.0,22521.0,23274.0,22521.0,133880
1998-01-10,20741.0,20741.0,22384.0,20741.0,1229240
1998-01-12,22384.0,22385.0,22385.0,22385.0,62360
1998-01-13,24164.0,24164.0,24164.0,24164.0,63860
1998-01-14,26081.0,26079.0,26079.0,26079.0,61620
1998-01-15,28134.0,28135.0,28135.0,28135.0,28510
1998-01-16,25910.0,30358.0,30358.0,25908.0,1111240
1998-01-17,23856.0,24677.0,25909.0,23856.0,172910
1998-01-19,23445.0,25670.0,25670.0,21973.0,1146170
1998-01-20,25294.0,25258.0,25293.0,22760.0,702980
1998-01-21,27313.0,27311.0,27311.0,25326.0,766170
1998-01-22,25157.0,25703.0,28064.0,25155.0,407520
1998-01-23,27142.0,23615.0,27140.0,23170.0,792910
1998-01-24,24986.0,27140.0,27346.0,24984.0,254580
1998-01-26,24814.0,25328.0,26355.0,23343.0,365980
1998-01-30,26800.0,26799.0,26799.0,26011.0,278500
1998-01-31,24678.0,27381.0,27859.0,24676.0,379630
1998-02-02,23445.0,22932.0,23788.0,22726.0,283550
1998-02-03,23788.0,24985.0,24985.0,23102.0,202460
1998-02-04,23959.0,23957.0,24608.0,23786.0,200980
1998-02-05,25670.0,24986.0,25841.0,24301.0,353970
1998-02-06,23959.0,25669.0,25669.0,23957.0,143160
1998-02-07,23788.0,23273.0,24300.0,23273.0,95690
1998-02-09,23788.0,23855.0,24300.0,23102.0,161370
1998-02-10,24301.0,23959.0,25567.0,23821.0,302620
1998-02-11,23959.0,24299.0,24299.0,23615.0,213940
1998-02-12,22761.0,23958.0,23958.0,22589.0,112470
1998-02-13,22624.0,23444.0,23923.0,22622.0,154450
1998-02-14,20878.0,21563.0,22590.0,20879.0,75460
1998-02-16,19509.0,20981.0,20981.0,19338.0,78400
1998-02-17,20878.0,20194.0,21050.0,19852.0,123780
1998-02-18,20878.0,21563.0,21563.0,20708.0,107280
1998-02-19,20878.0,20879.0,21940.0,20639.0,125540
1998-02-20,22487.0,22247.0,22487.0,21563.0,167240
1998-02-21,24267.0,22213.0,24266.0,21562.0,130620
1998-02-23,26184.0,26182.0,26182.0,25361.0,236630
1998-02-24,28271.0,28271.0,28271.0,26697.0,927640
1998-02-25,29777.0,28236.0,30530.0,27552.0,634260
1998-02-26,29093.0,30118.0,31317.0,28407.0,497470
1998-02-27,31420.0,29092.0,31420.0,29092.0,384120
1998-02-28,30462.0,31488.0,33541.0,30118.0,272690
1998-03-02,29435.0,29777.0,32516.0,29435.0,308030
1998-03-03,29743.0,29435.0,30119.0,26697.0,484590
1998-03-04,32139.0,32857.0,32857.0,30461.0,302770
1998-03-05,29777.0,31830.0,31830.0,29777.0,229580
1998-03-06,29469.0,27724.0,29469.0,27724.0,149640
1998-03-07,28751.0,29776.0,30803.0,27791.0,66610
1998-03-09,28408.0,28066.0,29435.0,28066.0,147180
1998-03-10,28066.0,29091.0,29091.0,27380.0,80640
1998-03-11,30633.0,28408.0,30803.0,28236.0,374970
1998-03-12,30633.0,30803.0,31420.0,30461.0,219800
1998-03-13,30804.0,30633.0,32789.0,29777.0,360320
1998-03-14,30291.0,31179.0,31830.0,30118.0,113370
1998-03-16,29093.0,29434.0,30461.0,29091.0,130120
1998-03-17,28066.0,29091.0,29605.0,28064.0,138390
1998-03-18,28169.0,29399.0,29399.0,27757.0,120240
1998-03-19,28751.0,28167.0,28749.0,27791.0,88480
1998-03-20,28751.0,28441.0,30290.0,28441.0,138310
1998-03-21,28100.0,28409.0,28409.0,28066.0,41670
1998-03-23,27724.0,28099.0,28236.0,27723.0,106380
1998-03-24,27039.0,27723.0,27894.0,26765.0,63650
1998-03-25,26697.0,27928.0,28065.0,26696.0,62460
1998-03-26,25670.0,26355.0,27210.0,25499.0,86170
1998-03-27,26047.0,25669.0,26182.0,25327.0,73520
1998-03-28,24814.0,25670.0,26286.0,24644.0,48100
1998-03-30,23103.0,23616.0,23958.0,23103.0,72550
1998-03-31,23274.0,23274.0,23958.0,23274.0,63970
1998-04-01,21905.0,24644.0,24644.0,21905.0,72310
1998-04-02,21905.0,21563.0,23103.0,21563.0,81850
1998-04-03,19304.0,20535.0,20535.0,19303.0,240020
1998-04-04,19544.0,18995.0,20192.0,17112.0,122930
1998-04-06,19578.0,20193.0,20433.0,19508.0,93000
1998-04-07,21905.0,19578.0,21905.0,19509.0,135710
1998-04-08,21049.0,21564.0,22932.0,21050.0,123830
1998-04-09,21426.0,22247.0,22247.0,21049.0,445050
1998-04-10,21152.0,21221.0,21734.0,20879.0,60380
1998-04-11,21563.0,21390.0,22589.0,21390.0,45890
1998-04-13,22111.0,22246.0,22315.0,21562.0,53310
1998-04-14,21221.0,22280.0,22520.0,20877.0,52580
1998-04-15,20878.0,21221.0,21563.0,20741.0,32680
1998-04-16,20878.0,20947.0,20947.0,19578.0,54550
1998-04-17,20023.0,20193.0,20672.0,19611.0,32180
1998-04-18,19680.0,20194.0,20878.0,19509.0,30220
1998-04-20,18825.0,19680.0,20022.0,18824.0,39370
1998-04-21,18482.0,18825.0,18996.0,17798.0,60790
1998-04-22,18688.0,18481.0,19850.0,18481.0,98570
1998-04-23,17798.0,18481.0,18481.0,17454.0,59200
1998-04-24,17832.0,17626.0,19167.0,17455.0,61120
1998-04-25,17969.0,17798.0,18791.0,17456.0,20560
1998-04-27,17456.0,18139.0,18824.0,16770.0,60380
1998-04-28,16942.0,17798.0,17798.0,16805.0,34180
1998-04-29,17011.0,16942.0,17798.0,16599.0,62680
1998-04-30,16840.0,17113.0,17557.0,16771.0,107310
1998-05-02,15607.0,17011.0,17011.0,15231.0,104580
1998-05-04,14238.0,15060.0,15077.0,14204.0,79800
1998-05-06,12544.0,14033.0,14033.0,12544.0,116210
1998-05-07,14033.0,11533.0,14032.0,11054.0,452750
1998-05-08,15710.0,15710.0,15710.0,14889.0,499020
1998-05-09,15710.0,16600.0,16600.0,15522.0,158430
1998-05-11,13828.0,14716.0,14888.0,13827.0,148920
1998-05-12,12185.0,12183.0,12320.0,12183.0,47110
1998-05-13,10730.0,10730.0,10730.0,10730.0,18590
1998-05-14,9584.0,9445.0,11636.0,9445.0,909480
1998-05-15,10097.0,10267.0,10712.0,9582.0,544790
1998-05-16,11295.0,11294.0,11294.0,10849.0,283290
1998-05-18,12647.0,11979.0,12645.0,11807.0,721070
1998-05-19,14153.0,14151.0,14151.0,13963.0,598930
1998-05-20,13348.0,13964.0,14718.0,13349.0,1343450
1998-05-21,11979.0,13006.0,14478.0,11980.0,862560
1998-05-22,11295.0,12013.0,12697.0,11294.0,482330
1998-05-23,11415.0,11636.0,12132.0,11414.0,186210
1998-05-25,10046.0,10609.0,11156.0,10044.0,416830
1998-05-26,8848.0,9274.0,10045.0,8847.0,337640
1998-05-27,9241.0,8830.0,9412.0,8488.0,483380
1998-05-28,9036.0,9617.0,9891.0,8556.0,905530
1998-05-29,9327.0,9035.0,9412.0,9001.0,563400
1998-05-30,9241.0,9446.0,9549.0,8591.0,242460
1998-06-01,9686.0,9242.0,9892.0,9104.0,559630
1998-06-02,9207.0,9686.0,9686.0,9069.0,222880
1998-06-03,9275.0,9241.0,9412.0,9104.0,228280
1998-06-05,10388.0,10386.0,10386.0,10386.0,52660
1998-06-08,11620.0,11620.0,11620.0,11124.0,784000
1998-06-09,11055.0,11620.0,11620.0,10798.0,388040
1998-06-10,10884.0,10610.0,11619.0,10610.0,316840
1998-06-11,11192.0,10371.0,11295.0,10371.0,410090
1998-06-12,9926.0,11106.0,11259.0,9856.0,290280
1998-06-13,9926.0,9617.0,9993.0,9411.0,174210
1998-06-15,9241.0,9584.0,10097.0,9241.0,136910
1998-06-16,8659.0,8968.0,9242.0,8557.0,153320
1998-06-17,9686.0,9344.0,9686.0,8933.0,191500
1998-06-18,10833.0,9685.0,10832.0,9685.0,239630
1998-06-19,11466.0,10473.0,12116.0,10336.0,662530
1998-06-20,10610.0,11466.0,11466.0,10473.0,194480
1998-06-22,9960.0,10610.0,10952.0,9942.0,308520
1998-06-23,9481.0,9411.0,9839.0,9411.0,201780
1998-06-24,9584.0,9479.0,9924.0,9479.0,127920
1998-06-25,9618.0,9582.0,9908.0,9582.0,115510
1998-06-26,9412.0,9652.0,9823.0,9310.0,114150
1998-06-27,9275.0,9241.0,9618.0,9241.0,38910
1998-06-29,9173.0,9651.0,9856.0,9103.0,90580
1998-06-30,9002.0,9171.0,9240.0,8932.0,80170
1998-07-01,9395.0,9069.0,9583.0,9069.0,121610
1998-07-02,8865.0,9394.0,9514.0,8829.0,151830
1998-07-03,8865.0,8795.0,9069.0,8624.0,101650
1998-07-04,8659.0,8625.0,8831.0,8625.0,62990
1998-07-06,8694.0,8676.0,8812.0,8658.0,69020
1998-07-07,9241.0,8745.0,9584.0,8693.0,206050
1998-07-08,9241.0,9412.0,9584.0,9156.0,197900
1998-07-09,9070.0,9241.0,9412.0,8899.0,135090
1998-07-10,8676.0,9070.0,9156.0,8659.0,134950
1998-07-11,8574.0,8624.0,8692.0,8419.0,103220
1998-07-13,8454.0,8522.0,8522.0,8248.0,86020
1998-07-14,8386.0,8248.0,8624.0,8248.0,66840
1998-07-15,8591.0,8556.0,8727.0,8521.0,99170
1998-07-16,8831.0,8555.0,8864.0,8555.0,136320
1998-07-18,9874.0,9070.0,9875.0,9070.0,336030
1998-07-20,10953.0,10267.0,10951.0,9959.0,590030
1998-07-21,12253.0,10952.0,12253.0,10474.0,964140
1998-07-22,11466.0,12150.0,12253.0,11294.0,479370
1998-07-23,10097.0,11123.0,11294.0,10096.0,444080
1998-07-24,9755.0,9240.0,10267.0,9240.0,233680
1998-07-25,9635.0,9617.0,10096.0,9582.0,98010
1998-07-27,10713.0,9685.0,10780.0,9685.0,265150
1998-07-28,9994.0,10028.0,10610.0,9925.0,232210
1998-07-29,10028.0,10268.0,10439.0,10028.0,200710
1998-07-30,9926.0,10027.0,10027.0,9685.0,162790
1998-07-31,10268.0,10268.0,10850.0,10028.0,388660
1998-08-01,9926.0,10301.0,10438.0,9753.0,133730
1998-08-03,11107.0,10027.0,11106.0,9788.0,612330
1998-08-04,10747.0,11295.0,11980.0,10610.0,905240
1998-08-05,10747.0,11295.0,11466.0,10439.0,613320
1998-08-06,9926.0,10575.0,10575.0,9651.0,404370
1998-08-07,10097.0,9617.0,10917.0,9617.0,445140
1998-08-08,9584.0,10096.0,10096.0,9582.0,147920
1998-08-10,9241.0,9241.0,9755.0,8933.0,259150
1998-08-11,9173.0,9240.0,9480.0,9103.0,143300
1998-08-12,8762.0,9173.0,9173.0,8625.0,121660
1998-08-13,8916.0,9549.0,9549.0,8762.0,118480
1998-08-14,9070.0,8968.0,9241.0,8762.0,133040
1998-08-17,8779.0,9070.0,9172.0,8625.0,67190
1998-08-18,8283.0,7871.0,8419.0,7871.0,113400
1998-08-19,8403.0,8282.0,8624.0,8247.0,276890
1998-08-20,8557.0,8385.0,8727.0,8214.0,266860
1998-08-21,8454.0,8727.0,8727.0,8385.0,160100
1998-08-22,8386.0,8385.0,8488.0,8179.0,58780
1998-08-24,9378.0,9378.0,9378.0,9378.0,75080
1998-08-25,8899.0,9924.0,10096.0,8555.0,604160
1998-08-26,8214.0,9412.0,9412.0,8077.0,416630
1998-08-27,8283.0,8214.0,8539.0,8214.0,188580
1998-08-28,8009.0,7872.0,8112.0,7581.0,186870
1998-08-29,8043.0,7598.0,8693.0,7598.0,249120
1998-08-31,8180.0,8728.0,8728.0,8043.0,148240
1998-09-01,8334.0,8180.0,8556.0,8094.0,224230
1998-09-02,8214.0,8180.0,8454.0,8180.0,150120
1998-09-03,8437.0,8555.0,9068.0,8213.0,409520
1998-09-04,8112.0,8385.0,8607.0,7871.0,433290
1998-09-05,8043.0,8112.0,8283.0,7992.0,88030
1998-09-07,8146.0,7905.0,8350.0,7905.0,186470
1998-09-08,8180.0,8540.0,8540.0,8146.0,188470
1998-09-09,9156.0,8111.0,9155.0,8111.0,350170
1998-09-10,10251.0,10250.0,10250.0,9617.0,2012160
1998-09-11,10131.0,10097.0,10764.0,9857.0,921040
1998-09-12,9926.0,9924.0,10096.0,9411.0,365790
1998-09-14,9241.0,9618.0,9909.0,9172.0,303500
1998-09-15,10336.0,9275.0,10337.0,9275.0,802690
1998-09-16,10439.0,10610.0,10952.0,10166.0,966710
1998-09-17,9584.0,10438.0,10472.0,9377.0,460520
1998-09-18,9926.0,9600.0,10541.0,9240.0,406070
1998-09-19,9584.0,9411.0,9924.0,9411.0,127010
1998-09-21,9344.0,9411.0,9822.0,9257.0,159300
1998-09-22,8899.0,9240.0,9582.0,8897.0,200740
1998-09-23,8728.0,8966.0,8983.0,8606.0,140900
1998-09-24,9241.0,8779.0,9361.0,8779.0,140860
1998-09-25,8796.0,8933.0,9070.0,8762.0,98800
1998-09-26,8899.0,8897.0,9240.0,8795.0,60810
1998-09-28,8591.0,8949.0,9069.0,8590.0,116040
1998-09-29,8351.0,8214.0,8556.0,7581.0,255370
1998-09-30,8249.0,8350.0,8538.0,8042.0,128300
1998-10-01,8557.0,8282.0,8556.0,8282.0,132370
1998-10-02,8796.0,8317.0,8899.0,8317.0,156030
1998-10-07,8694.0,8487.0,8967.0,8487.0,77130
1998-10-08,8557.0,8795.0,8898.0,8556.0,118320
1998-10-09,8779.0,8659.0,8865.0,8557.0,151890
1998-10-10,8728.0,8726.0,9035.0,8658.0,109960
1998-10-12,9378.0,8727.0,9583.0,8727.0,279390
1998-10-13,8967.0,9583.0,9583.0,8933.0,185230
1998-10-14,9036.0,8967.0,9206.0,8898.0,123650
1998-10-15,9173.0,9240.0,9582.0,9069.0,238440
1998-10-16,9104.0,9566.0,9583.0,9069.0,235520
1998-10-17,9139.0,8898.0,9343.0,8898.0,194980
1998-10-19,10063.0,9412.0,10233.0,9309.0,922740
1998-10-20,9241.0,10131.0,10439.0,9241.0,1058780
1998-10-21,9652.0,9890.0,9890.0,9548.0,561780
1998-10-22,9412.0,9601.0,9823.0,9413.0,291240
1998-10-23,9755.0,9617.0,10386.0,9617.0,769370
1998-10-24,9857.0,10028.0,10131.0,9754.0,170010
1998-10-26,9378.0,9754.0,9754.0,9309.0,238620
1998-10-27,9378.0,9138.0,9703.0,9138.0,159000
1998-10-28,9275.0,9309.0,9446.0,9138.0,165120
1998-10-29,9207.0,9412.0,9549.0,9189.0,142510
1998-10-30,9241.0,9172.0,9412.0,9104.0,199370
1998-10-31,9241.0,9310.0,9481.0,9207.0,142710
1998-11-02,9755.0,9411.0,10027.0,9240.0,367060
1998-11-03,9515.0,9755.0,10028.0,9515.0,198800
1998-11-04,10645.0,9720.0,10644.0,9445.0,938330
1998-11-05,10781.0,10644.0,11466.0,10302.0,1351200
1998-11-06,10576.0,10610.0,11227.0,10439.0,847350
1998-11-07,10610.0,10850.0,10952.0,10610.0,344080
1998-11-09,11877.0,10609.0,11876.0,10609.0,465610
1998-11-10,11877.0,12663.0,13296.0,11807.0,1815310
1998-11-11,11021.0,11586.0,11586.0,10474.0,757690
1998-11-12,10679.0,11294.0,11636.0,10644.0,382430
1998-11-13,10850.0,10849.0,11259.0,10780.0,356710
1998-11-14,11124.0,10780.0,11397.0,10780.0,211690
1998-11-16,11261.0,11294.0,11636.0,11123.0,264800
1998-11-17,11449.0,11465.0,11773.0,11139.0,342440
1998-11-18,12014.0,11447.0,12800.0,11362.0,645130
1998-11-19,12322.0,11294.0,13074.0,11294.0,800390
1998-11-20,12424.0,12835.0,13314.0,12390.0,576120
1998-11-21,13588.0,12766.0,13861.0,12527.0,748600
1998-11-23,14101.0,13862.0,14615.0,13451.0,812910
1998-11-24,13930.0,14375.0,14375.0,13451.0,601790
1998-11-25,14581.0,14203.0,15059.0,13930.0,1069310
1998-11-26,13862.0,14648.0,14682.0,13621.0,596010
1998-11-27,13177.0,13862.0,13862.0,12732.0,499480
1998-11-28,13828.0,13245.0,13861.0,13245.0,248150
1998-11-30,13862.0,14032.0,14237.0,13518.0,670200
1998-12-01,13348.0,13673.0,13828.0,13280.0,386620
1998-12-02,13348.0,13178.0,13931.0,13075.0,267630
1998-12-03,13212.0,13005.0,13689.0,13005.0,290250
1998-12-04,14615.0,13210.0,14785.0,13074.0,805920
1998-12-05,14307.0,14545.0,15059.0,14066.0,505750
1998-12-07,15744.0,14717.0,16258.0,14717.0,1113910
1998-12-08,18106.0,18104.0,18104.0,18104.0,663020
1998-12-09,20810.0,20809.0,20809.0,19508.0,1088680
1998-12-10,22179.0,23582.0,23582.0,21288.0,1588010
1998-12-11,21392.0,22178.0,22349.0,20911.0,825420
1998-12-14,24575.0,22281.0,24573.0,22281.0,1012140
1998-12-15,28237.0,24985.0,28237.0,24472.0,921240
1998-12-16,24027.0,28921.0,30119.0,24027.0,722830
1998-12-17,20433.0,20570.0,22316.0,20434.0,607720
1998-12-18,20160.0,20877.0,22246.0,19166.0,481100
1998-12-21,23172.0,20569.0,23170.0,20535.0,750770
1998-12-22,19715.0,20021.0,22931.0,19713.0,572320
1998-12-23,18311.0,20193.0,20878.0,17626.0,607100
1998-12-24,18311.0,18482.0,19509.0,18311.0,360380
1998-12-28,17798.0,17523.0,19337.0,17523.0,480990
1999-01-04,19475.0,18140.0,20228.0,18140.0,411870
1999-01-05,19886.0,18824.0,19884.0,18139.0,533890
1999-01-06,20878.0,20912.0,22316.0,18859.0,1438700
1999-01-07,21221.0,21219.0,21904.0,20740.0,758130
1999-01-08,24404.0,20534.0,24402.0,20227.0,1280050
1999-01-11,24917.0,25636.0,26697.0,23343.0,1675710
1999-01-12,27039.0,25499.0,27039.0,25327.0,1327360
1999-01-13,26355.0,27004.0,27894.0,25737.0,1091910
1999-01-14,22761.0,25361.0,25635.0,22589.0,788490
1999-01-15,26149.0,23788.0,26150.0,22966.0,1328520
1999-01-18,29401.0,28064.0,30050.0,27551.0,2568180
1999-01-19,26697.0,29092.0,29400.0,26696.0,1414050
1999-01-20,25670.0,27382.0,28032.0,25328.0,1202710
1999-01-21,24986.0,25669.0,26525.0,24299.0,833910
1999-01-22,22316.0,25019.0,25326.0,22315.0,759740
1999-01-25,25636.0,24299.0,25634.0,22999.0,998100
1999-01-26,23959.0,25669.0,27311.0,22315.0,1953080
1999-01-27,23651.0,24642.0,24642.0,21322.0,812280
1999-01-28,23959.0,23615.0,25634.0,23615.0,967610
1999-01-29,26320.0,24335.0,26526.0,24130.0,1588420
1999-02-01,30257.0,27346.0,30256.0,26799.0,2598880
1999-02-02,29093.0,32103.0,33096.0,28578.0,4089970
1999-02-03,26355.0,30118.0,30290.0,26354.0,2300060
1999-02-04,26320.0,26834.0,27039.0,24027.0,1440750
1999-02-05,25670.0,25328.0,26629.0,25157.0,1006190
1999-02-08,24678.0,25669.0,27004.0,24642.0,760920
1999-02-09,22590.0,24026.0,24573.0,21939.0,811140
1999-02-10,23411.0,22590.0,24506.0,21597.0,869740
1999-02-11,23959.0,23444.0,24950.0,22931.0,627210
1999-02-12,24130.0,23615.0,24573.0,23615.0,522190
1999-02-18,23719.0,24301.0,24951.0,23445.0,383940
1999-02-19,22590.0,21630.0,23273.0,21630.0,414390
1999-02-22,23616.0,22932.0,24404.0,22590.0,688910
1999-02-23,22590.0,23958.0,24608.0,22281.0,538240
1999-02-24,21700.0,22931.0,23239.0,21698.0,373770
1999-02-25,20399.0,21255.0,21529.0,20297.0,380530
1999-02-26,21939.0,20878.0,22247.0,20878.0,454080
1999-03-02,22247.0,22281.0,22829.0,21288.0,479700
1999-03-03,21529.0,22075.0,22726.0,21220.0,293870
1999-03-04,21802.0,21905.0,22214.0,21563.0,251290
1999-03-05,21939.0,21529.0,22521.0,21255.0,276750
1999-03-08,23788.0,22417.0,24266.0,22417.0,813370
1999-03-09,23103.0,24472.0,24472.0,23000.0,502370
1999-03-10,22932.0,23137.0,23923.0,22760.0,324290
1999-03-11,24438.0,22966.0,25327.0,22931.0,855320
1999-03-12,24643.0,24986.0,25670.0,24130.0,800890
1999-03-15,24096.0,25258.0,25498.0,23718.0,502880
1999-03-16,23959.0,24299.0,24437.0,23786.0,369080
1999-03-17,23959.0,24299.0,24848.0,23820.0,557750
1999-03-18,22658.0,23343.0,24301.0,22624.0,306450
1999-03-19,23137.0,22590.0,23514.0,22590.0,350730
1999-03-22,23274.0,23137.0,23753.0,22761.0,307700
1999-03-23,23308.0,23274.0,24130.0,22932.0,336190
1999-03-24,26800.0,23342.0,26799.0,23342.0,1101560
1999-03-25,24369.0,25773.0,27382.0,24061.0,2421000
1999-03-26,24643.0,26081.0,26355.0,24541.0,804440
1999-03-29,23548.0,23959.0,24472.0,23445.0,419710
1999-03-30,24301.0,23959.0,24985.0,23856.0,480190
1999-03-31,24301.0,23959.0,24951.0,23856.0,444940
1999-04-01,24643.0,23993.0,24815.0,23993.0,410360
1999-04-02,25328.0,24984.0,25669.0,24471.0,750290
1999-04-06,26868.0,25841.0,28236.0,24985.0,1834070
1999-04-07,27313.0,27893.0,30769.0,27072.0,1923590
1999-04-08,27005.0,28065.0,28065.0,26354.0,744250
1999-04-09,27553.0,30632.0,30803.0,27107.0,1533720
1999-04-12,26868.0,27210.0,27552.0,26183.0,707680
1999-04-13,26868.0,26183.0,28408.0,26183.0,597690
1999-04-14,26286.0,26388.0,27381.0,26286.0,516590
1999-04-15,26697.0,26080.0,27209.0,26080.0,532080
1999-04-16,25841.0,26355.0,28066.0,25704.0,888150
1999-04-19,25533.0,25841.0,26491.0,25499.0,485100
1999-04-20,26012.0,25533.0,26833.0,25533.0,514280
1999-04-21,25670.0,26355.0,27382.0,25670.0,689230
1999-04-22,25328.0,25737.0,26354.0,25190.0,499050
1999-04-23,25841.0,25499.0,26286.0,25397.0,526050
1999-04-26,25978.0,25841.0,27039.0,25259.0,603720
1999-04-27,25670.0,26047.0,26355.0,25328.0,572320
1999-04-28,27039.0,26012.0,28065.0,26012.0,1220190
1999-04-29,27587.0,27381.0,28715.0,27209.0,1050130
1999-04-30,28408.0,28751.0,29093.0,27586.0,1250380
1999-05-03,31831.0,30152.0,32172.0,29434.0,2207310
1999-05-04,32344.0,32174.0,33029.0,30839.0,1807850
1999-05-06,34740.0,32344.0,35938.0,31557.0,2258070
1999-05-07,33542.0,35595.0,36280.0,32892.0,1428020
1999-05-10,33508.0,33200.0,34158.0,31831.0,1087510
1999-05-11,32515.0,33713.0,35596.0,32516.0,1357850
1999-05-12,31146.0,32515.0,33474.0,30119.0,755920
1999-05-13,29264.0,30803.0,30803.0,29091.0,604360
1999-05-14,27073.0,28237.0,29709.0,27074.0,505460
1999-05-17,25841.0,26697.0,27074.0,25841.0,360980
1999-05-18,27210.0,25773.0,27313.0,25499.0,599290
1999-05-19,27724.0,27688.0,28236.0,27381.0,501560
1999-05-20,28408.0,29059.0,30736.0,27758.0,1567410
1999-05-21,26697.0,29092.0,29434.0,26525.0,448340
1999-05-24,24986.0,26354.0,26696.0,24437.0,426900
1999-05-25,25328.0,24505.0,25532.0,24163.0,366630
1999-05-26,25841.0,25328.0,26697.0,24815.0,507820
1999-05-27,26012.0,26355.0,26833.0,25670.0,515560
1999-05-28,27108.0,26011.0,28407.0,25326.0,850120
1999-05-31,26697.0,28750.0,30050.0,26696.0,667530
1999-06-01,25875.0,26697.0,27108.0,25841.0,333580
1999-06-02,26389.0,25908.0,26901.0,25874.0,383390
1999-06-03,26355.0,26388.0,27381.0,25977.0,406470
1999-06-04,27381.0,27347.0,28511.0,26526.0,976890
1999-06-07,27073.0,28306.0,28340.0,26765.0,400530
1999-06-08,28066.0,27072.0,28749.0,26696.0,757930
1999-06-09,26012.0,28374.0,28374.0,26012.0,523010
1999-06-10,26252.0,26011.0,26696.0,25875.0,368060
1999-06-11,26663.0,26354.0,27346.0,26114.0,447050
1999-06-14,30633.0,29092.0,30632.0,28236.0,1616320
1999-06-15,29435.0,31147.0,31660.0,28066.0,1769660
1999-06-16,29195.0,30153.0,30598.0,28785.0,753090
1999-06-17,29264.0,29605.0,31317.0,29263.0,1209950
1999-06-18,28066.0,29263.0,30564.0,27722.0,518500
1999-06-21,28237.0,28100.0,30119.0,28066.0,532120
1999-06-22,28408.0,28237.0,28922.0,27895.0,608390
1999-06-23,29948.0,28545.0,30633.0,28545.0,948550
1999-06-24,29777.0,30393.0,30770.0,29264.0,1218790
1999-06-25,29940.0,30592.0,30755.0,29777.0,510740
1999-06-28,29533.0,30754.0,30754.0,29531.0,492850
1999-06-29,29737.0,29002.0,30958.0,28962.0,556610
1999-06-30,29166.0,29737.0,30347.0,28922.0,329270
1999-07-01,29329.0,29166.0,29940.0,29166.0,399670
1999-07-02,30755.0,29328.0,31772.0,29124.0,731020
1999-07-05,32221.0,31366.0,33362.0,31163.0,737690
1999-07-06,31773.0,32384.0,32791.0,31407.0,446950
1999-07-07,31855.0,32587.0,32994.0,31364.0,643120
1999-07-08,36621.0,33402.0,36620.0,33076.0,1607950
1999-07-09,41957.0,38414.0,41957.0,37273.0,2380190
1999-07-12,43179.0,41957.0,46845.0,40938.0,2489010
1999-07-13,40328.0,43585.0,46436.0,39308.0,1457040
1999-07-14,42161.0,41142.0,45622.0,39512.0,2267940
1999-07-15,40694.0,43179.0,44197.0,40694.0,969840
1999-07-16,44401.0,40735.0,46030.0,39920.0,1805300
1999-07-19,50919.0,46030.0,50918.0,46030.0,2486010
1999-07-20,50919.0,52140.0,55603.0,50918.0,2462480
1999-07-21,49086.0,49695.0,52751.0,46233.0,1154600
1999-07-22,46438.0,49085.0,50714.0,45011.0,1457080
1999-07-23,45623.0,46845.0,52140.0,45012.0,2078720
1999-07-26,49289.0,50919.0,52344.0,46030.0,2768070
1999-07-27,47253.0,47252.0,50103.0,43992.0,1364070
1999-07-28,54178.0,48067.0,54177.0,47659.0,2787100
1999-07-29,59881.0,55602.0,61916.0,55398.0,3505610
1999-07-30,61510.0,59879.0,65174.0,58046.0,2357080
1999-08-02,59881.0,60694.0,62324.0,57028.0,1377120
1999-08-03,62325.0,60287.0,68434.0,60287.0,2081060
1999-08-04,65176.0,62325.0,68027.0,60288.0,2029860
1999-08-05,61103.0,67211.0,69248.0,61101.0,1610250
1999-08-06,63547.0,61306.0,63953.0,58250.0,1264060
1999-08-09,61103.0,61508.0,64767.0,61101.0,935580
1999-08-10,59881.0,59880.0,61916.0,57436.0,1033410
1999-08-11,57436.0,61103.0,61714.0,57437.0,567000
1999-08-12,56418.0,56214.0,57843.0,54992.0,880770
1999-08-13,51326.0,54992.0,55196.0,49697.0,1079000
1999-08-16,49289.0,49086.0,52548.0,48882.0,670340
1999-08-17,44401.0,51530.0,51734.0,43586.0,845240
1999-08-18,46642.0,45011.0,48067.0,42568.0,1296930
1999-08-19,47660.0,46642.0,49086.0,45623.0,1074610
1999-08-20,46234.0,47660.0,48475.0,46031.0,499640
1999-08-23,47456.0,46234.0,48270.0,45827.0,861790
1999-08-24,54381.0,48882.0,54381.0,48271.0,2782810
1999-08-25,54178.0,52751.0,56213.0,51937.0,3482960
1999-08-26,53159.0,55604.0,58251.0,52955.0,2357830
1999-08-27,50919.0,53566.0,54584.0,50103.0,1280990
1999-08-30,50919.0,50103.0,54584.0,50103.0,1334890
1999-08-31,50511.0,49696.0,51733.0,49493.0,688230
1999-09-01,46845.0,51326.0,51326.0,46845.0,903590
1999-09-02,45420.0,44808.0,47455.0,44808.0,912580
1999-09-03,44401.0,46030.0,46845.0,43790.0,868360
1999-09-06,46031.0,44400.0,47455.0,43992.0,1176040
1999-09-07,46234.0,47049.0,48679.0,46235.0,1071880
1999-09-08,43587.0,45622.0,46844.0,43178.0,941440
1999-09-09,44809.0,43993.0,46234.0,41142.0,2975810
1999-09-10,40735.0,46030.0,46438.0,39920.0,3879220
1999-09-13,34625.0,39960.0,40326.0,34623.0,3733760
1999-09-14,35399.0,35439.0,37882.0,33809.0,2601220
1999-09-15,39106.0,34705.0,40327.0,34705.0,4917840
1999-09-16,35480.0,39147.0,39228.0,35440.0,1556480
1999-09-17,35032.0,34624.0,36580.0,33850.0,1108740
1999-09-20,34543.0,35236.0,36458.0,34462.0,993370
1999-09-21,33810.0,35480.0,35643.0,33402.0,1494490
1999-09-22,31855.0,33401.0,33768.0,31772.0,1535640
1999-09-27,28922.0,31039.0,31569.0,28921.0,1024830
1999-09-28,30144.0,29573.0,31447.0,29369.0,1762000
1999-09-29,30144.0,29369.0,32587.0,28595.0,1820310
1999-09-30,28922.0,30143.0,31120.0,28921.0,846500
1999-10-01,27292.0,29085.0,30144.0,26274.0,858270
1999-10-04,27944.0,27293.0,30104.0,26600.0,1947440
1999-10-05,26070.0,28148.0,28922.0,26071.0,770740
1999-10-06,27211.0,26478.0,27904.0,25419.0,1059630
1999-10-07,30470.0,27291.0,30835.0,26477.0,2232970
1999-10-08,28922.0,30346.0,31161.0,28921.0,1594730
1999-10-11,29085.0,29451.0,29939.0,28962.0,895970
1999-10-12,31162.0,29085.0,31570.0,29085.0,2033440
1999-10-13,32995.0,30551.0,33199.0,30347.0,2584000
1999-10-14,32181.0,32994.0,33402.0,31446.0,1442560
1999-10-15,31162.0,33199.0,33199.0,30551.0,1196690
1999-10-18,28922.0,29043.0,30306.0,28921.0,884150
1999-10-19,29207.0,29370.0,29900.0,28229.0,691630
1999-10-20,29696.0,29736.0,30143.0,29328.0,769890
1999-10-21,28677.0,30226.0,30389.0,28596.0,720550
1999-10-22,28311.0,28513.0,29287.0,27496.0,528520
1999-10-25,27089.0,28717.0,28717.0,26680.0,510250
1999-10-26,26396.0,25662.0,27088.0,25662.0,497620
1999-10-27,26681.0,26274.0,27292.0,26274.0,441830
1999-10-28,27700.0,26273.0,28025.0,25947.0,801530
1999-10-29,28922.0,28554.0,30957.0,27699.0,1667600
1999-11-01,29614.0,29737.0,30144.0,29248.0,970850
1999-11-02,29248.0,29369.0,29613.0,28554.0,1108640
1999-11-03,31081.0,29654.0,33239.0,29450.0,4035410
1999-11-04,30959.0,31772.0,32180.0,30143.0,1187720
1999-11-05,32629.0,32098.0,33768.0,30550.0,2282910
1999-11-08,34340.0,32954.0,35804.0,32790.0,2963610
1999-11-09,34217.0,35032.0,35847.0,33484.0,1521750
1999-11-10,34380.0,34421.0,35643.0,32995.0,2028240
1999-11-11,39513.0,35847.0,39513.0,35439.0,1722860
1999-11-12,45420.0,45418.0,45418.0,45418.0,249320
1999-11-15,49289.0,48882.0,50715.0,44604.0,6239580
1999-11-16,49289.0,46845.0,50919.0,45827.0,3716910
1999-11-17,52141.0,54991.0,56621.0,51325.0,7300980
1999-11-18,46031.0,49695.0,51936.0,44400.0,3803120
1999-11-19,52752.0,46641.0,52751.0,43178.0,6441640
1999-11-22,53567.0,53769.0,56621.0,51325.0,5687040
1999-11-23,50715.0,50103.0,53363.0,49696.0,3319210
1999-11-24,47253.0,49288.0,52140.0,46029.0,3192970
1999-11-25,50715.0,48067.0,54177.0,48067.0,5171920
1999-11-26,44809.0,49492.0,52344.0,43993.0,2396190
1999-11-29,45216.0,45622.0,46641.0,41549.0,2630250
1999-11-30,48067.0,46845.0,51122.0,45623.0,3856580
1999-12-01,45623.0,48882.0,50919.0,45012.0,2092510
1999-12-02,40450.0,46844.0,47252.0,40326.0,2580770
1999-12-03,40735.0,40735.0,42364.0,37965.0,2895170
1999-12-06,41142.0,41143.0,41753.0,38902.0,2539270
1999-12-07,36662.0,39919.0,40733.0,35031.0,2208860
1999-12-08,37884.0,34623.0,39308.0,33402.0,3076240
1999-12-09,37110.0,37068.0,38697.0,35886.0,1891930
1999-12-10,37680.0,37475.0,39919.0,36701.0,2162150
1999-12-13,37761.0,39309.0,39920.0,37680.0,1466190
1999-12-14,43383.0,39105.0,43382.0,37761.0,2372020
1999-12-15,49697.0,49695.0,49695.0,45418.0,5194750
1999-12-16,49697.0,53362.0,56213.0,49085.0,7925460
1999-12-17,50919.0,51733.0,53566.0,46437.0,3376550
1999-12-20,49086.0,50918.0,51733.0,47659.0,2023420
1999-12-21,51530.0,51325.0,56417.0,50714.0,6989230
1999-12-22,48475.0,51122.0,52344.0,45215.0,5287730
1999-12-23,49289.0,49289.0,52344.0,47863.0,3425870
1999-12-24,56622.0,51325.0,56621.0,51121.0,5847630
1999-12-27,53363.0,57843.0,61713.0,53362.0,5501730
1999-12-28,45827.0,52344.0,52954.0,45826.0,2622740
2000-01-04,50308.0,45826.0,51732.0,45826.0,1421080
2000-01-05,51326.0,47864.0,51938.0,46031.0,1734610
2000-01-06,48475.0,52140.0,54992.0,47863.0,2252950
2000-01-07,49697.0,48474.0,51528.0,47862.0,1699760
2000-01-10,48882.0,52955.0,53159.0,48882.0,1486990
2000-01-11,50104.0,48271.0,54585.0,48067.0,2957330
2000-01-12,49697.0,49288.0,52954.0,49085.0,1596450
2000-01-13,55400.0,51732.0,55398.0,50510.0,4647130
2000-01-14,51734.0,55398.0,60083.0,49288.0,6830130
2000-01-17,50715.0,53363.0,54381.0,49696.0,2384210
2000-01-18,48475.0,50714.0,51529.0,47252.0,2059370
2000-01-19,47253.0,48474.0,50307.0,46029.0,2544260
2000-01-20,46845.0,45623.0,47049.0,42772.0,1687020
2000-01-21,44809.0,45622.0,48067.0,44197.0,1355410
2000-01-24,46031.0,45418.0,48066.0,45011.0,1585570
2000-01-25,44198.0,46029.0,47455.0,43789.0,1097530
2000-01-26,42975.0,44809.0,45623.0,42364.0,1077670
2000-01-27,43994.0,42363.0,44604.0,41142.0,1677360
2000-01-28,44198.0,43178.0,45826.0,43178.0,1548610
2000-01-31,43587.0,43178.0,44196.0,42567.0,1095420
2000-02-01,45012.0,44808.0,47456.0,44401.0,2407450
2000-02-02,48678.0,45623.0,50512.0,45216.0,2337050
2000-02-03,48067.0,50104.0,51734.0,47660.0,2299280
2000-02-07,51326.0,48068.0,53567.0,47660.0,3582600
2000-02-08,49493.0,51326.0,52345.0,48679.0,1250500
2000-02-09,47456.0,49493.0,50307.0,47253.0,1294570
2000-02-10,45623.0,45623.0,48270.0,44401.0,1344260
2000-02-11,46234.0,45012.0,46845.0,43994.0,1524960
2000-02-14,42772.0,45011.0,46640.0,42770.0,1795710
2000-02-15,40694.0,43586.0,44401.0,39920.0,864440
2000-02-16,39717.0,41142.0,41956.0,37679.0,1031140
2000-02-17,41346.0,38331.0,41550.0,38331.0,1051160
2000-02-18,40735.0,39920.0,42976.0,39920.0,1129640
2000-02-21,41142.0,38779.0,46845.0,38779.0,2365860
2000-02-22,41550.0,40734.0,42771.0,40326.0,1049830
2000-02-23,43994.0,44808.0,46844.0,42363.0,1941540
2000-02-24,43587.0,42771.0,44400.0,41956.0,1204440
2000-02-25,45216.0,43993.0,48067.0,43993.0,2141990
2000-02-28,42772.0,43585.0,46640.0,41956.0,1612680
2000-02-29,42364.0,43179.0,45012.0,42161.0,1759750
2000-03-02,43587.0,42975.0,44196.0,41956.0,1158750
2000-03-03,41142.0,43179.0,43993.0,41143.0,796570
2000-03-06,43587.0,42363.0,44808.0,41752.0,1606650
2000-03-07,42772.0,43382.0,44196.0,42159.0,633110
2000-03-08,41957.0,41957.0,43586.0,41143.0,879090
2000-03-09,43179.0,43179.0,45623.0,41957.0,1754740
2000-03-10,44401.0,44809.0,46234.0,43179.0,1913030
2000-03-13,46031.0,46029.0,49288.0,44400.0,2235860
2000-03-14,43587.0,47252.0,48270.0,42975.0,1361250
2000-03-15,42772.0,42770.0,45418.0,42770.0,769290
2000-03-16,40735.0,43586.0,43993.0,40124.0,807500
2000-03-17,43790.0,41957.0,43790.0,40939.0,1040890
2000-03-20,43179.0,43179.0,45623.0,42975.0,954790
2000-03-21,40939.0,43178.0,44401.0,40938.0,2161930
2000-03-22,41570.0,43508.0,43733.0,41478.0,897300
2000-03-23,39541.0,41570.0,42337.0,39226.0,747590
2000-03-24,40533.0,39721.0,42606.0,38773.0,1152200
2000-03-27,39721.0,39316.0,40443.0,39316.0,637830
2000-03-28,39225.0,40352.0,40578.0,39226.0,637980
2000-03-29,36791.0,38819.0,39089.0,36609.0,690680
2000-03-30,39676.0,38279.0,40578.0,37828.0,1118190
2000-03-31,39676.0,41480.0,41885.0,38008.0,803160
2000-04-03,36971.0,39226.0,39451.0,35663.0,485490
2000-04-04,35844.0,36520.0,36970.0,34942.0,458690
2000-04-06,36069.0,33815.0,40488.0,33815.0,1848480
2000-04-07,39225.0,37602.0,41254.0,37422.0,2156240
2000-04-10,38865.0,40532.0,41028.0,38819.0,1583360
2000-04-11,36971.0,38729.0,38955.0,36160.0,783150
2000-04-12,36295.0,36113.0,37195.0,35753.0,614830
2000-04-14,36069.0,34040.0,37873.0,33634.0,863090
2000-04-17,30659.0,31560.0,32912.0,30658.0,873670
2000-04-18,30118.0,32912.0,33137.0,28899.0,1462580
2000-04-19,30208.0,31110.0,32462.0,30118.0,1701850
2000-04-20,28946.0,29756.0,30883.0,28944.0,711110
2000-04-21,30118.0,29621.0,31379.0,29080.0,1810350
2000-04-24,29802.0,30794.0,30839.0,29667.0,897960
2000-04-25,28855.0,29532.0,29667.0,28856.0,570590
2000-04-26,26827.0,29350.0,29756.0,26826.0,952790
2000-04-27,23671.0,26194.0,26330.0,23399.0,935070
2000-04-28,24933.0,23264.0,24932.0,23264.0,1340350
2000-05-02,24888.0,24797.0,26104.0,24797.0,873440
2000-05-03,25609.0,24346.0,26511.0,24166.0,1106840
2000-05-04,25023.0,24798.0,25924.0,24798.0,628630
2000-05-08,28765.0,27052.0,28766.0,26150.0,609300
2000-05-09,31110.0,33048.0,33048.0,30433.0,3944380
2000-05-10,29622.0,29305.0,32011.0,28043.0,1977660
2000-05-12,32057.0,30612.0,33994.0,29756.0,1871670
2000-05-15,28495.0,32055.0,32461.0,28403.0,1060770
2000-05-16,27954.0,28855.0,29711.0,27186.0,928080
2000-05-17,23986.0,27007.0,27457.0,23761.0,754650
2000-05-18,20424.0,23986.0,23986.0,20424.0,1037870
2000-05-19,20898.0,20423.0,22767.0,19386.0,1389560
2000-05-22,17787.0,21190.0,21415.0,17786.0,1536260
2000-05-23,17178.0,16231.0,17764.0,16231.0,1860620
2000-05-24,18260.0,17133.0,19343.0,15826.0,3109720
2000-05-25,20514.0,18485.0,20740.0,18485.0,2623260
2000-05-26,17674.0,19611.0,19792.0,17672.0,1462500
2000-05-29,17719.0,16682.0,18666.0,15826.0,1476610
2000-05-30,18869.0,18484.0,19251.0,18169.0,1545710
2000-05-31,21326.0,19906.0,21416.0,19612.0,2308690
2000-06-01,20064.0,21189.0,21189.0,19679.0,1292800
2000-06-02,20244.0,21010.0,21190.0,19882.0,1674410
2000-06-05,22453.0,21190.0,22994.0,21010.0,2623180
2000-06-07,23986.0,19657.0,24752.0,19612.0,5955300
2000-06-08,23220.0,25248.0,25608.0,22767.0,3048070
2000-06-09,22859.0,23219.0,23895.0,22587.0,1887580
2000-06-12,22994.0,23490.0,23761.0,22544.0,1836130
2000-06-13,20875.0,22678.0,22813.0,20492.0,1557320
2000-06-14,21146.0,20964.0,22091.0,20400.0,1585410
2000-06-15,19432.0,20515.0,21416.0,19433.0,1630390
2000-06-16,18576.0,18936.0,19815.0,18530.0,1044060
2000-06-19,18035.0,18033.0,18800.0,17808.0,953480
2000-06-20,19027.0,18484.0,19792.0,18259.0,1886250
2000-06-21,21191.0,19882.0,21866.0,19566.0,4565280
2000-06-22,20875.0,21190.0,21596.0,20289.0,1844080
2000-06-23,21416.0,20876.0,22499.0,20424.0,2098780
2000-06-26,22318.0,22091.0,22993.0,22091.0,1672250
2000-06-27,23671.0,23399.0,24797.0,22993.0,3384900
2000-06-28,22769.0,23083.0,24345.0,22767.0,1598950
2000-06-29,22273.0,22993.0,23579.0,21686.0,1653460
2000-06-30,24347.0,22542.0,25248.0,22542.0,4030260
2000-07-03,24527.0,25474.0,25610.0,23896.0,2905250
2000-07-04,23220.0,24526.0,24887.0,23219.0,1490110
2000-07-05,23400.0,22994.0,24121.0,22543.0,2008910
2000-07-06,26872.0,23399.0,26871.0,23399.0,5743300
2000-07-07,27142.0,28224.0,28630.0,26691.0,5812550
2000-07-10,28405.0,26961.0,29440.0,25744.0,5095400
2000-07-11,27909.0,28404.0,29756.0,27727.0,2956590
2000-07-12,28314.0,27954.0,29261.0,27593.0,2713800
2000-07-13,31110.0,28855.0,32461.0,28449.0,6829100
2000-07-14,29577.0,31244.0,32011.0,29440.0,2693500
2000-07-18,28314.0,30208.0,30208.0,26917.0,1818910
2000-07-19,26421.0,27096.0,27817.0,26375.0,2348440
2000-07-20,25023.0,25924.0,26601.0,24843.0,1468300
2000-07-21,25158.0,24888.0,25879.0,24888.0,1549550
2000-07-24,21867.0,24798.0,24978.0,21867.0,1536180
2000-07-25,22904.0,21191.0,23806.0,21101.0,1665030
2000-07-26,23310.0,23444.0,23986.0,23083.0,1308060
2000-07-27,22814.0,23444.0,23670.0,22317.0,1134890
2000-07-28,22363.0,22093.0,23129.0,21957.0,1353340
2000-07-31,22408.0,22543.0,22768.0,21687.0,882750
2000-08-01,23445.0,22678.0,23760.0,22407.0,1144830
2000-08-02,23761.0,23670.0,24121.0,23444.0,781990
2000-08-03,23400.0,23894.0,24030.0,23310.0,796500
2000-08-04,25429.0,23489.0,26870.0,23173.0,2928830
2000-08-07,26150.0,25428.0,27863.0,24572.0,3286840
2000-08-08,23806.0,26149.0,27050.0,23714.0,2400620
2000-08-09,23851.0,23714.0,24255.0,23219.0,1219950
2000-08-10,24392.0,24120.0,25158.0,23895.0,1022090
2000-08-11,24572.0,24392.0,25654.0,24392.0,1624430
2000-08-14,24933.0,25248.0,25473.0,24571.0,865760
2000-08-16,25158.0,25023.0,25834.0,24572.0,1315030
2000-08-17,25384.0,25247.0,26014.0,25022.0,909830
2000-08-18,25609.0,25925.0,25970.0,24843.0,804150
2000-08-21,25113.0,25249.0,26015.0,24978.0,800780
2000-08-22,25203.0,25474.0,25879.0,24933.0,600310
2000-08-23,24798.0,25338.0,25383.0,24571.0,530770
2000-08-24,26286.0,24797.0,27953.0,24797.0,2881570
2000-08-25,25564.0,26285.0,26376.0,25474.0,777320
2000-08-28,25429.0,25563.0,25923.0,25067.0,742180
2000-08-29,25339.0,25473.0,25879.0,25248.0,517430
2000-08-30,25158.0,25339.0,25789.0,25159.0,523180
2000-08-31,23986.0,25023.0,25068.0,23851.0,682840
2000-09-01,24031.0,23986.0,24572.0,23806.0,586650
2000-09-04,23535.0,24031.0,24031.0,23129.0,639400
2000-09-05,23445.0,23986.0,24301.0,23220.0,645550
2000-09-06,23851.0,23804.0,24706.0,23579.0,1195830
2000-09-07,22769.0,23444.0,23625.0,22722.0,688790
2000-09-08,22859.0,22767.0,23083.0,22317.0,494560
2000-09-14,23039.0,22182.0,23039.0,22115.0,370460
2000-09-15,22002.0,22994.0,23084.0,21867.0,538860
2000-09-18,19184.0,20289.0,21145.0,18711.0,1057390
2000-09-19,18734.0,18665.0,19319.0,18078.0,553680
2000-09-20,19297.0,18823.0,19838.0,18823.0,730740
2000-09-21,18283.0,18936.0,19387.0,18079.0,588660
2000-09-22,17494.0,18282.0,18845.0,17358.0,850170
2000-09-25,18215.0,18485.0,18485.0,17629.0,828990
2000-09-26,17945.0,18259.0,18349.0,17808.0,513300
2000-09-27,18418.0,17582.0,18935.0,17492.0,1183750
2000-09-28,18305.0,18485.0,18756.0,18170.0,613740
2000-09-29,19387.0,18982.0,20109.0,18508.0,1554230
2000-10-02,18801.0,19387.0,19387.0,18485.0,723250
2000-10-04,18982.0,18484.0,19882.0,18078.0,1390940
2000-10-05,19387.0,18982.0,19951.0,18937.0,1304470
2000-10-06,21303.0,19387.0,21867.0,19297.0,3502230
2000-10-09,21371.0,21304.0,22904.0,20852.0,3533290
2000-10-10,21642.0,21663.0,22993.0,21325.0,1983360
2000-10-11,19613.0,21460.0,21505.0,19386.0,888730
2000-10-12,20650.0,18710.0,21145.0,18710.0,1972120
2000-10-13,18801.0,17583.0,19049.0,17583.0,1080620
2000-10-16,19094.0,19613.0,20244.0,18982.0,926000
2000-10-17,17358.0,18801.0,19094.0,17359.0,873700
2000-10-18,17697.0,16681.0,17943.0,16343.0,889660
2000-10-19,17584.0,17154.0,18349.0,17154.0,526010
2000-10-20,18328.0,18079.0,18913.0,17944.0,982540
2000-10-23,18260.0,18959.0,19703.0,18193.0,1060980
2000-10-24,18260.0,18801.0,18801.0,17810.0,775300
2000-10-25,18576.0,18169.0,19386.0,17943.0,1807200
2000-10-26,17809.0,18080.0,18576.0,17696.0,618260
2000-10-27,17539.0,18034.0,18215.0,17538.0,496920
2000-10-30,16006.0,17357.0,17763.0,15779.0,1043320
2000-10-31,16006.0,16004.0,16004.0,16004.0,0
2000-11-01,16006.0,16004.0,16004.0,16004.0,0
2000-11-02,16006.0,16004.0,16004.0,16004.0,0
2000-11-03,13616.0,13616.0,13616.0,13616.0,7140
2000-11-06,11587.0,11588.0,11588.0,11588.0,19930
2000-11-07,9851.0,9851.0,9851.0,9851.0,139530
2000-11-08,8566.0,9108.0,9108.0,8387.0,8037600
2000-11-09,8521.0,8882.0,8882.0,8296.0,2174950
2000-11-10,8747.0,8565.0,8791.0,8340.0,1811430
2000-11-13,7935.0,8566.0,8611.0,7935.0,1475160
2000-11-14,8341.0,7665.0,8341.0,7665.0,1275650
2000-11-15,9491.0,8294.0,9580.0,8294.0,1762090
2000-11-16,8386.0,9017.0,9198.0,8386.0,1347660
2000-11-17,8521.0,8612.0,8792.0,8387.0,885530
2000-11-20,8341.0,8656.0,8656.0,8341.0,571010
2000-11-21,7890.0,8115.0,8115.0,7800.0,630520
2000-11-22,7777.0,7913.0,8003.0,7778.0,455220
2000-11-23,6943.0,7665.0,7665.0,6944.0,724610
2000-11-24,7304.0,7327.0,7349.0,7079.0,512830
2000-11-27,8025.0,7304.0,8386.0,7304.0,992950
2000-11-28,7394.0,7688.0,7688.0,7394.0,523810
2000-11-29,7462.0,7303.0,7686.0,7303.0,322470
2000-11-30,7304.0,7665.0,7665.0,7214.0,292320
2000-12-01,7665.0,7303.0,7754.0,7212.0,704300
2000-12-04,7845.0,7890.0,8070.0,7665.0,486470
2000-12-05,9017.0,8792.0,9017.0,8386.0,1865790
2000-12-06,8657.0,8926.0,9670.0,8655.0,2636750
2000-12-07,9468.0,9017.0,9468.0,8724.0,1545630
2000-12-08,10888.0,10370.0,10889.0,10370.0,795570
2000-12-11,12173.0,12511.0,12511.0,11271.0,3306450
2000-12-12,11272.0,11496.0,12849.0,11271.0,2288050
2000-12-13,11677.0,11723.0,12173.0,11497.0,1649930
2000-12-14,10370.0,11947.0,11947.0,9940.0,2757250
2000-12-15,9017.0,9873.0,10392.0,9017.0,1632990
2000-12-18,9288.0,9265.0,9738.0,9016.0,1708760
2000-12-19,8318.0,9243.0,9310.0,8318.0,1307300
2000-12-20,9558.0,8341.0,9559.0,7620.0,1544670
2000-12-21,8589.0,10324.0,10324.0,8589.0,1826080
2000-12-22,8116.0,8588.0,8994.0,8115.0,1174430
2000-12-26,8116.0,8272.0,8566.0,8025.0,1073570
2001-01-02,9333.0,9016.0,9332.0,9016.0,310230
2001-01-03,10731.0,10730.0,10730.0,10730.0,95550
2001-01-04,12331.0,12331.0,12331.0,12331.0,465530
2001-01-05,10483.0,10482.0,11722.0,10482.0,2890860
2001-01-08,9851.0,10370.0,10370.0,9693.0,1508050
2001-01-09,11046.0,10370.0,11046.0,10009.0,1236950
2001-01-10,10145.0,10820.0,11721.0,10008.0,2051750
2001-01-11,10821.0,11654.0,11654.0,10369.0,976160
2001-01-12,10821.0,10482.0,11090.0,10482.0,1712590
2001-01-15,10370.0,10865.0,11271.0,10166.0,1372640
2001-01-16,10956.0,10640.0,11113.0,10370.0,1305690
2001-01-17,10821.0,10730.0,10820.0,10369.0,1142870
2001-01-18,10370.0,10549.0,10549.0,10301.0,660960
2001-01-19,9919.0,9761.0,10189.0,9761.0,1345300
2001-01-22,9919.0,9919.0,10054.0,9581.0,896280
2001-01-26,10054.0,10167.0,10167.0,9739.0,713180
2001-01-29,10640.0,10167.0,11046.0,10167.0,966560
2001-01-30,10505.0,10844.0,11046.0,10325.0,791410
2001-01-31,10640.0,10595.0,10640.0,10370.0,648490
2001-02-01,10640.0,10550.0,10640.0,10415.0,548950
2001-02-02,10821.0,10437.0,11496.0,10414.0,1042060
2001-02-05,9716.0,10460.0,10595.0,9716.0,1274940
2001-02-06,9919.0,9761.0,9919.0,9739.0,554380
2001-02-07,9333.0,9129.0,9693.0,9129.0,733430
2001-02-08,9829.0,9917.0,9917.0,9647.0,489270
2001-02-09,9784.0,9827.0,9827.0,9670.0,474440
2001-02-12,9603.0,9874.0,9874.0,9559.0,561000
2001-02-13,9694.0,9467.0,9693.0,9467.0,570100
2001-02-14,11136.0,9694.0,11137.0,9694.0,470040
2001-02-15,12805.0,12804.0,12804.0,12804.0,257430
2001-02-16,12083.0,13076.0,13076.0,12083.0,3229920
2001-02-19,10392.0,10279.0,10776.0,10279.0,1960540
2001-02-20,10798.0,10821.0,11046.0,10393.0,889840
2001-02-21,10640.0,10550.0,10956.0,10550.0,544440
2001-02-22,10821.0,10820.0,10820.0,10414.0,471340
2001-02-23,10821.0,10955.0,10955.0,10775.0,396530
2001-02-26,10505.0,10685.0,10731.0,10505.0,446480
2001-02-27,10528.0,10820.0,10820.0,10527.0,282850
2001-02-28,10415.0,10370.0,10505.0,10370.0,289620
2001-03-02,9919.0,10370.0,10370.0,9829.0,522180
2001-03-05,10145.0,9760.0,10143.0,9737.0,321110
2001-03-06,10235.0,10278.0,10459.0,10188.0,266730
2001-03-07,11723.0,10278.0,11766.0,10278.0,998140
2001-03-08,10505.0,11362.0,11588.0,10415.0,917980
2001-03-09,9694.0,10144.0,10820.0,9467.0,1886940
2001-03-12,9784.0,9467.0,9782.0,9242.0,882000
2001-03-13,11249.0,9176.0,11249.0,9017.0,1493360
2001-03-14,10843.0,11182.0,11182.0,10663.0,1913030
2001-03-15,9897.0,9850.0,10098.0,9693.0,1158630
2001-03-16,10235.0,10369.0,10820.0,10143.0,518200
2001-03-19,10640.0,10054.0,10821.0,10054.0,785510
2001-03-20,10415.0,10776.0,10821.0,10325.0,454690
2001-03-21,10145.0,10369.0,10369.0,10143.0,420330
2001-03-22,9964.0,9964.0,10009.0,9919.0,416010
2001-03-23,9919.0,10370.0,10370.0,9919.0,415720
2001-03-26,9964.0,10077.0,10077.0,9919.0,340390
2001-03-27,9784.0,9917.0,9917.0,9692.0,345630
2001-03-28,9784.0,9827.0,10008.0,9692.0,352910
2001-03-29,9378.0,9693.0,9693.0,9378.0,395440
2001-03-30,9378.0,9378.0,9603.0,9243.0,381810
2001-04-02,9243.0,9287.0,9287.0,9129.0,358310
2001-04-03,9017.0,9062.0,9062.0,8611.0,389220
2001-04-04,8612.0,8745.0,8745.0,8520.0,530640
2001-04-06,9153.0,8700.0,9467.0,8700.0,698260
2001-04-09,9265.0,9017.0,9266.0,9017.0,330420
2001-04-10,9243.0,9265.0,9467.0,9242.0,390030
2001-04-11,9153.0,9422.0,9422.0,9151.0,322970
2001-04-12,9829.0,10053.0,10053.0,9602.0,1553740
2001-04-13,8792.0,8362.0,8971.0,8362.0,1162000
2001-04-16,8905.0,8881.0,9106.0,8881.0,437760
2001-04-17,8296.0,8881.0,8881.0,8114.0,1359400
2001-04-18,7710.0,7687.0,8025.0,7687.0,2329490
2001-04-19,6988.0,7733.0,7868.0,6989.0,2283960
2001-04-20,6312.0,6672.0,6672.0,5996.0,3271150
2001-04-23,6312.0,6560.0,6560.0,6132.0,1573510
2001-04-24,6583.0,6537.0,7033.0,6221.0,2348970
2001-04-25,6312.0,6492.0,6492.0,6199.0,997400
2001-04-26,6222.0,6176.0,6492.0,6176.0,1090890
2001-04-27,6154.0,6312.0,6312.0,6155.0,714670
2001-04-30,6109.0,6155.0,6222.0,6109.0,899200
2001-05-02,5771.0,6087.0,6087.0,5546.0,1481350
2001-05-03,5861.0,5816.0,5973.0,5726.0,1158300
2001-05-04,5546.0,5860.0,5860.0,5544.0,1152970
2001-05-07,5726.0,5455.0,6087.0,5230.0,2587960
2001-05-08,5861.0,5816.0,5973.0,5726.0,1356720
2001-05-09,5681.0,5860.0,5860.0,5680.0,642640
2001-05-10,5703.0,5568.0,5861.0,5568.0,669590
2001-05-11,6538.0,5793.0,6537.0,5793.0,1399240
2001-05-14,7507.0,6716.0,7505.0,6716.0,1849150
2001-05-15,6402.0,7259.0,7259.0,6402.0,2771170
2001-05-16,6538.0,6379.0,6627.0,6086.0,1452940
2001-05-17,6447.0,6312.0,6853.0,6312.0,1071310
2001-05-18,6515.0,6312.0,6808.0,6312.0,891120
2001-05-21,6650.0,6515.0,6853.0,6515.0,927710
2001-05-22,6695.0,6717.0,6785.0,6672.0,922330
2001-05-23,7529.0,6785.0,7529.0,6785.0,1807000
2001-05-24,7439.0,7213.0,7935.0,7213.0,1445140
2001-05-25,7484.0,7732.0,7732.0,7168.0,882270
2001-05-28,7236.0,7394.0,7394.0,7237.0,617340
2001-05-29,7304.0,7214.0,7394.0,7214.0,492440
2001-05-30,8386.0,7259.0,8386.0,7259.0,1022000
2001-05-31,7777.0,8567.0,8702.0,7778.0,4130730
2001-06-01,7845.0,7890.0,7935.0,7529.0,1236050
2001-06-04,8273.0,7957.0,8859.0,7957.0,1363450
2001-06-05,8161.0,8272.0,8656.0,8115.0,883240
2001-06-07,7732.0,8116.0,8116.0,7552.0,1287880
2001-06-08,8318.0,8566.0,8566.0,8115.0,2416950
2001-06-11,8296.0,8317.0,8498.0,8204.0,1158640
2001-06-12,9536.0,8791.0,9534.0,8745.0,2413710
2001-06-13,10956.0,9851.0,10956.0,9851.0,2503050
2001-06-14,10054.0,11272.0,12173.0,9919.0,5332670
2001-06-15,10595.0,10234.0,10821.0,10099.0,2452710
2001-06-18,10370.0,10392.0,10820.0,10369.0,1319190
2001-06-19,9468.0,10189.0,10189.0,9468.0,1599140
2001-06-20,9017.0,9468.0,9468.0,8859.0,1483670
2001-06-21,9468.0,9017.0,9468.0,9017.0,992730
2001-06-22,9603.0,9581.0,9851.0,9468.0,824320
2001-06-25,9378.0,9603.0,9693.0,9378.0,623940
2001-06-26,8927.0,9243.0,9243.0,8905.0,707560
2001-06-27,8296.0,8565.0,8565.0,8114.0,970180
2001-06-28,8702.0,8294.0,8745.0,8294.0,518250
2001-06-29,8657.0,8993.0,9016.0,8655.0,451820
2001-07-02,8657.0,8791.0,8791.0,8655.0,343960
2001-07-03,8657.0,8745.0,8745.0,8565.0,339120
2001-07-04,8657.0,8655.0,8655.0,8272.0,415190
2001-07-05,9017.0,8656.0,9243.0,8656.0,719630
2001-07-06,8837.0,8926.0,8926.0,8655.0,367090
2001-07-09,8138.0,8363.0,8567.0,8138.0,418440
2001-07-10,8138.0,8387.0,8387.0,8116.0,483460
2001-07-11,7980.0,7890.0,7980.0,7665.0,460650
2001-07-12,7935.0,8161.0,8341.0,7935.0,649980
2001-07-13,7800.0,8025.0,8025.0,7574.0,1101710
2001-07-16,7800.0,7800.0,7800.0,7800.0,0
2001-07-18,7800.0,7800.0,7800.0,7800.0,0
2001-07-19,7800.0,7800.0,7800.0,7800.0,0
2001-07-20,7800.0,7800.0,7800.0,7800.0,0
2001-07-23,7800.0,7800.0,7800.0,7800.0,0
2001-07-24,7800.0,7800.0,7800.0,7800.0,0
2001-07-25,7800.0,7800.0,7800.0,7800.0,0
2001-07-26,7800.0,7800.0,7800.0,7800.0,0
2001-07-27,7800.0,7800.0,7800.0,7800.0,0
2001-07-30,7800.0,7800.0,7800.0,7800.0,0
2001-07-31,7800.0,7800.0,7800.0,7800.0,0
2001-08-01,7800.0,7800.0,7800.0,7800.0,0
2001-08-02,7800.0,7800.0,7800.0,7800.0,0
2001-08-03,8963.0,7799.0,8961.0,7199.0,235600
2001-08-06,8288.0,8961.0,9374.0,8249.0,217580
2001-08-07,7763.0,7948.0,8136.0,7686.0,144950
2001-08-08,8363.0,7799.0,8661.0,7799.0,107500
2001-08-09,8025.0,7987.0,8250.0,7987.0,76180
2001-08-10,8175.0,8100.0,8250.0,8100.0,80090
2001-08-13,8288.0,8286.0,8999.0,8286.0,107900
2001-08-14,8138.0,8249.0,8361.0,8099.0,76880
2001-08-16,7950.0,8100.0,8100.0,7950.0,53130
2001-08-17,8100.0,7950.0,8212.0,7875.0,59800
2001-08-20,7875.0,7875.0,7987.0,7875.0,41760
2001-08-21,7763.0,7874.0,7874.0,7686.0,51090
2001-08-22,7650.0,7612.0,7724.0,7416.0,85830
2001-08-23,7478.0,7424.0,7574.0,7424.0,57320
2001-08-24,7463.0,7431.0,7574.0,7431.0,35590
2001-08-27,7500.0,7417.0,7575.0,7417.0,39050
2001-08-28,7373.0,7461.0,7461.0,7334.0,44210
2001-08-29,6825.0,7387.0,7387.0,6825.0,72520
2001-08-30,6675.0,6817.0,6817.0,6375.0,52520
2001-08-31,6525.0,6420.0,6825.0,6412.0,73950
2001-09-03,6615.0,6712.0,6712.0,6600.0,32470
2001-09-04,7200.0,6675.0,7200.0,6675.0,41050
2001-09-05,6908.0,7041.0,7049.0,6906.0,38240
2001-09-06,7200.0,6937.0,7200.0,6862.0,53810
2001-09-07,7178.0,6921.0,7349.0,6921.0,41130
2001-09-10,6938.0,7056.0,7056.0,6936.0,32500
2001-09-11,6713.0,6891.0,6899.0,6711.0,49960
2001-09-12,5708.0,5706.0,5706.0,5706.0,29410
2001-09-13,5625.0,5340.0,5700.0,5340.0,93990
2001-09-14,4838.0,5811.0,5811.0,4791.0,122050
2001-09-17,4148.0,4514.0,4514.0,4146.0,118670
2001-09-18,4725.0,4500.0,4725.0,4432.0,74080
2001-09-19,4995.0,4582.0,5242.0,4582.0,82250
2001-09-20,4808.0,5001.0,5001.0,4761.0,69090
2001-09-21,4613.0,4641.0,4641.0,4521.0,59920
2001-09-24,5018.0,4649.0,5069.0,4649.0,62620
2001-09-25,5325.0,5760.0,5760.0,5190.0,93080
2001-09-26,5265.0,5475.0,5572.0,5265.0,79890
2001-09-27,5438.0,5241.0,5474.0,5241.0,58660
2001-09-28,5513.0,5549.0,5549.0,5473.0,57690
2001-10-04,5790.0,5632.0,5925.0,5632.0,61800
2001-10-05,5618.0,5789.0,5789.0,5571.0,58930
2001-10-08,5318.0,5339.0,5511.0,5286.0,74140
2001-10-09,5775.0,5475.0,5775.0,5400.0,103360
2001-10-10,5625.0,5700.0,5700.0,5625.0,62330
2001-10-11,5813.0,5789.0,5826.0,5789.0,57210
2001-10-12,6375.0,5887.0,6375.0,5700.0,94560
2001-10-15,6173.0,6149.0,6321.0,6021.0,58790
2001-10-16,6300.0,6172.0,6375.0,6172.0,53880
2001-10-17,6143.0,6299.0,6299.0,6111.0,75500
2001-10-18,5895.0,6000.0,6000.0,5895.0,60620
2001-10-19,5925.0,5865.0,6075.0,5849.0,48690
2001-10-22,5963.0,5886.0,6149.0,5886.0,31030
2001-10-23,6000.0,6022.0,6142.0,6000.0,65830
2001-10-24,5910.0,5925.0,5962.0,5894.0,49200
2001-10-25,5790.0,5767.0,5857.0,5767.0,53610
2001-10-26,5738.0,5736.0,5774.0,5706.0,48740
2001-10-29,5783.0,5849.0,5849.0,5736.0,26280
2001-10-30,5678.0,5639.0,5699.0,5623.0,33350
2001-10-31,5813.0,5684.0,5976.0,5684.0,41910
2001-11-01,5820.0,5850.0,5850.0,5812.0,33540
2001-11-02,5873.0,5856.0,5886.0,5826.0,41690
2001-11-05,5813.0,5841.0,5841.0,5796.0,36120
2001-11-06,5850.0,5916.0,5916.0,5827.0,27240
2001-11-07,5798.0,5999.0,5999.0,5796.0,29100
2001-11-08,5820.0,5775.0,5917.0,5775.0,38500
2001-11-09,5820.0,5850.0,5850.0,5805.0,28930
2001-11-12,5850.0,5850.0,5850.0,5820.0,48980
2001-11-13,5820.0,5767.0,5850.0,5767.0,29450
2001-11-14,6075.0,5820.0,6075.0,5820.0,68390
2001-11-15,6008.0,6149.0,6149.0,6006.0,29400
2001-11-16,6908.0,5999.0,6906.0,5976.0,102020
2001-11-19,6720.0,6952.0,6952.0,6615.0,139960
2001-11-20,6600.0,6712.0,6712.0,6495.0,93110
2001-11-21,6533.0,6396.0,6531.0,6396.0,56800
2001-11-22,6668.0,6561.0,6689.0,6449.0,57590
2001-11-23,6563.0,6681.0,6681.0,6524.0,46060
2001-11-26,6600.0,6637.0,6660.0,6585.0,116140
2001-11-27,6600.0,6637.0,6637.0,6570.0,84640
2001-11-28,6488.0,6516.0,6749.0,6486.0,115500
2001-11-29,6525.0,6487.0,6547.0,6449.0,46890
2001-11-30,7073.0,6591.0,7491.0,6591.0,160810
2001-12-03,6900.0,7065.0,7065.0,6765.0,77610
2001-12-04,6893.0,7034.0,7034.0,6831.0,75440
2001-12-05,6900.0,6900.0,6975.0,6900.0,67920
2001-12-06,6810.0,6900.0,6915.0,6810.0,66330
2001-12-07,6788.0,6824.0,6861.0,6764.0,49370
2001-12-10,6675.0,6825.0,6877.0,6675.0,43280
2001-12-11,6428.0,6674.0,6674.0,6426.0,70260
2001-12-12,6488.0,6456.0,6554.0,6456.0,47850
2001-12-13,6480.0,6540.0,6555.0,6480.0,37150
2001-12-14,6480.0,6405.0,6480.0,6390.0,40950
2001-12-17,6300.0,6525.0,6525.0,6300.0,46040
2001-12-18,6128.0,6261.0,6276.0,6119.0,51950
2001-12-19,5880.0,6112.0,6112.0,5865.0,49740
2001-12-20,5963.0,5706.0,5999.0,5706.0,28480
2001-12-21,5775.0,5962.0,5962.0,5775.0,37310
2001-12-24,5738.0,5714.0,5811.0,5714.0,42350
2001-12-26,5880.0,6000.0,6000.0,5737.0,43830
2001-12-27,5888.0,5849.0,5946.0,5849.0,27070
2001-12-28,6038.0,5894.0,6074.0,5894.0,24510
2002-01-02,6195.0,6180.0,6277.0,6180.0,41128
2002-01-03,6300.0,6150.0,6375.0,6150.0,68352
2002-01-04,6240.0,6382.0,6382.0,6195.0,39462
2002-01-07,6150.0,6150.0,6150.0,6074.0,54335
2002-01-08,6128.0,6223.0,6223.0,6119.0,32803
2002-01-09,6150.0,6150.0,6150.0,6052.0,48146
2002-01-10,6068.0,6149.0,6149.0,5999.0,64147
2002-01-11,6225.0,6120.0,6225.0,6120.0,55338
2002-01-14,6450.0,6300.0,6600.0,6300.0,125319
2002-01-15,6563.0,6539.0,6674.0,6539.0,133560
2002-01-16,6338.0,6411.0,6449.0,6336.0,55797
2002-01-17,6300.0,6330.0,6330.0,6165.0,42158
2002-01-18,6750.0,6300.0,6750.0,6225.0,116091
2002-01-21,7005.0,6750.0,7125.0,6750.0,240061
2002-01-22,6818.0,6756.0,6974.0,6756.0,93170
2002-01-23,6833.0,6756.0,6944.0,6756.0,100600
2002-01-24,6893.0,6899.0,6974.0,6891.0,151946
2002-01-25,6698.0,6891.0,6899.0,6374.0,302119
2002-01-28,6900.0,6832.0,6975.0,6832.0,137644
2002-01-29,7163.0,6974.0,7161.0,6861.0,151727
2002-01-30,7950.0,7125.0,8100.0,7086.0,280926
2002-01-31,9113.0,8174.0,9111.0,8174.0,177088
2002-02-01,8775.0,10050.0,10050.0,8737.0,407239
2002-02-04,9075.0,8625.0,9075.0,8625.0,155147
2002-02-05,8250.0,9000.0,9000.0,8175.0,151352
2002-02-06,9075.0,8625.0,9075.0,8287.0,176765
2002-02-07,8325.0,8625.0,8850.0,8325.0,157393
2002-02-08,9563.0,8624.0,9561.0,8624.0,299059
2002-02-14,9450.0,9225.0,9750.0,9075.0,205287
2002-02-15,9300.0,9375.0,9562.0,9300.0,135921
2002-02-18,9000.0,9300.0,9375.0,8700.0,168491
2002-02-19,9750.0,9075.0,9825.0,9000.0,180988
2002-02-20,9825.0,9675.0,9900.0,9450.0,141017
2002-02-21,9788.0,9749.0,10049.0,9674.0,140635
2002-02-22,9750.0,9712.0,9750.0,9525.0,110836
2002-02-25,9600.0,9750.0,9750.0,9600.0,83741
2002-02-26,9525.0,9750.0,9750.0,9487.0,108577
2002-02-27,9300.0,9375.0,9525.0,9262.0,101961
2002-02-28,8850.0,9300.0,9375.0,8700.0,129084
2002-03-04,9000.0,9037.0,9037.0,8850.0,125204
2002-03-05,9113.0,8999.0,9111.0,8774.0,135349
2002-03-06,9375.0,9262.0,9750.0,9225.0,143119
2002-03-07,9225.0,9262.0,9637.0,9225.0,112449
2002-03-08,9000.0,9112.0,9225.0,9000.0,111151
2002-03-11,9375.0,9150.0,9487.0,9150.0,136286
2002-03-12,9188.0,9449.0,9524.0,9186.0,86944
2002-03-13,8963.0,9149.0,9149.0,8849.0,119758
2002-03-14,10275.0,9000.0,10275.0,8850.0,533940
2002-03-15,11100.0,10762.0,11100.0,10275.0,275034
2002-03-18,11475.0,10875.0,11625.0,10875.0,213080
2002-03-19,11213.0,11249.0,11324.0,9786.0,217920
2002-03-20,11250.0,11550.0,11550.0,11174.0,156114
2002-03-21,11550.0,11175.0,11550.0,11137.0,132384
2002-03-22,12150.0,11775.0,12224.0,11775.0,166214
2002-03-25,11850.0,12187.0,12187.0,11850.0,138814
2002-03-26,11775.0,11249.0,11775.0,11175.0,130562
2002-03-27,11775.0,11775.0,11775.0,11624.0,69296
2002-03-28,11550.0,11924.0,12150.0,11550.0,84319
2002-03-29,11475.0,11550.0,11700.0,11400.0,80448
2002-04-01,10950.0,11624.0,11624.0,10950.0,55469
2002-04-02,11550.0,10950.0,11550.0,10875.0,60976
2002-04-03,11625.0,11400.0,11625.0,11250.0,72701
2002-04-04,11475.0,11437.0,11550.0,11437.0,51170
2002-04-08,11250.0,11474.0,11550.0,11174.0,49451
2002-04-09,11025.0,11100.0,11175.0,10949.0,50872
2002-04-10,10500.0,11025.0,11025.0,10500.0,67639
2002-04-11,10725.0,10687.0,10949.0,10687.0,39284
2002-04-12,11400.0,10500.0,12000.0,10500.0,90116
2002-04-15,11850.0,11250.0,11850.0,11250.0,110769
2002-04-16,11888.0,12149.0,12149.0,11849.0,149012
2002-04-17,12675.0,12000.0,12675.0,12000.0,182829
2002-04-18,14025.0,12675.0,14250.0,12675.0,213430
2002-04-19,13500.0,13912.0,13912.0,13200.0,132843
2002-04-22,12750.0,13499.0,13499.0,12375.0,94238
2002-04-23,12975.0,12712.0,12975.0,12375.0,65116
2002-04-24,12750.0,12825.0,12825.0,12600.0,80176
2002-04-25,12000.0,12750.0,12750.0,12000.0,60726
2002-04-26,12000.0,11850.0,12375.0,11700.0,74586
2002-04-29,11625.0,11850.0,12149.0,11625.0,58745
2002-04-30,11775.0,11775.0,12000.0,11700.0,60351
2002-05-02,12675.0,12150.0,12750.0,12150.0,82713
2002-05-03,12525.0,12674.0,12674.0,12450.0,42193
2002-05-06,12263.0,12374.0,12374.0,12186.0,38959
2002-05-07,11925.0,11775.0,12149.0,11775.0,48360
2002-05-08,11813.0,12074.0,12224.0,11811.0,58623
2002-05-09,12000.0,12000.0,12000.0,11887.0,40930
2002-05-10,11775.0,11925.0,12000.0,11700.0,39440
2002-05-13,12450.0,11699.0,12750.0,11699.0,56391
2002-05-14,12413.0,12449.0,12749.0,12261.0,41543
2002-05-15,12525.0,12525.0,12600.0,12337.0,42416
2002-05-16,11625.0,12450.0,12450.0,11625.0,119019
2002-05-17,11663.0,11624.0,11999.0,11624.0,261949
2002-05-20,11925.0,11775.0,11962.0,11700.0,75870
2002-05-21,11475.0,11925.0,11925.0,11475.0,54930
2002-05-22,11663.0,11474.0,11774.0,11474.0,44795
2002-05-23,11550.0,11887.0,11887.0,11550.0,48284
2002-05-24,11888.0,11549.0,11886.0,11549.0,51555
2002-05-27,11513.0,11811.0,11811.0,11511.0,41751
2002-05-28,11400.0,11550.0,11625.0,11325.0,43038
2002-05-29,11025.0,11475.0,11475.0,10875.0,55766
2002-05-30,10350.0,10875.0,10875.0,10350.0,48440
2002-05-31,10275.0,10125.0,10500.0,10125.0,49892
2002-06-03,10125.0,10237.0,10500.0,10125.0,32946
2002-06-04,10050.0,10050.0,10050.0,9750.0,41456
2002-06-05,10463.0,10049.0,10499.0,10049.0,34035
2002-06-07,10050.0,10274.0,10274.0,9825.0,38360
2002-06-10,10088.0,9899.0,10274.0,9899.0,35332
2002-06-11,9863.0,10086.0,10086.0,9861.0,38532
2002-06-12,9375.0,9750.0,9750.0,9375.0,137471
2002-06-14,9525.0,9675.0,9750.0,9525.0,139840
2002-06-17,9150.0,9637.0,9637.0,9150.0,104791
2002-06-18,9188.0,8999.0,9186.0,8999.0,105912
2002-06-19,8700.0,9262.0,9300.0,8550.0,111753
2002-06-20,8850.0,8925.0,8925.0,8475.0,167141
2002-06-21,8850.0,8812.0,8850.0,8625.0,55284
2002-06-24,8850.0,8662.0,8850.0,8287.0,77450
2002-06-25,8850.0,9300.0,9300.0,8850.0,47031
2002-06-26,7725.0,8325.0,8325.0,7725.0,58602
2002-06-27,8138.0,7986.0,8136.0,7799.0,65486
2002-06-28,8663.0,8474.0,8999.0,8436.0,59449
2002-07-02,8663.0,8286.0,8886.0,8136.0,42650
2002-07-03,9938.0,8924.0,9936.0,8774.0,597560
2002-07-04,9863.0,9824.0,10199.0,9374.0,295340
2002-07-05,10013.0,9861.0,10424.0,9599.0,291074
2002-07-08,9638.0,10086.0,10199.0,9561.0,171515
2002-07-09,10463.0,9374.0,10799.0,9374.0,207762
2002-07-10,10163.0,10124.0,10649.0,10124.0,119084
2002-07-11,9975.0,9937.0,10350.0,9825.0,119040
2002-07-12,10350.0,10124.0,10724.0,9975.0,210481
2002-07-15,9525.0,9375.0,9900.0,9225.0,264520
2002-07-16,8813.0,9599.0,9824.0,8699.0,272017
2002-07-18,8850.0,9000.0,9112.0,8812.0,105869
2002-07-19,8625.0,8512.0,8700.0,8325.0,129966
2002-07-22,8100.0,8175.0,8212.0,7875.0,151850
2002-07-23,8213.0,7724.0,8211.0,7574.0,191397
2002-07-24,7725.0,8025.0,8025.0,7687.0,102249
2002-07-25,7470.0,7950.0,8100.0,7372.0,399201
2002-07-26,7440.0,7612.0,7612.0,7372.0,151716
2002-07-29,7463.0,7611.0,7649.0,7386.0,91442
2002-07-30,7913.0,7574.0,7911.0,7574.0,145167
2002-07-31,7575.0,8024.0,8024.0,7575.0,75704
2002-08-01,7613.0,7724.0,7724.0,7499.0,58164
2002-08-02,7500.0,7500.0,7575.0,7432.0,44170
2002-08-05,7305.0,7440.0,7440.0,7237.0,99230
2002-08-06,7238.0,7199.0,7341.0,7124.0,55594
2002-08-07,7380.0,7492.0,7500.0,7327.0,62457
2002-08-08,7350.0,7425.0,7537.0,7312.0,37894
2002-08-09,7800.0,7387.0,7875.0,7387.0,113365
2002-08-12,7575.0,7837.0,7837.0,7537.0,40248
2002-08-13,7575.0,7575.0,7687.0,7432.0,58373
2002-08-14,7425.0,7425.0,7537.0,7401.0,52434
2002-08-16,7688.0,7499.0,7724.0,7499.0,86560
2002-08-19,8063.0,7686.0,8099.0,7686.0,148978
2002-08-20,8025.0,8250.0,8250.0,7950.0,130398
2002-08-21,7988.0,8024.0,8099.0,7911.0,78997
2002-08-22,8175.0,8100.0,8550.0,8061.0,224000
2002-08-23,8025.0,8325.0,8362.0,7950.0,133160
2002-08-26,8513.0,7948.0,8511.0,7948.0,211070
2002-08-27,8475.0,8625.0,8625.0,8287.0,116085
2002-08-28,8550.0,8400.0,8587.0,8325.0,100550
2002-08-29,8325.0,8550.0,8550.0,8287.0,79081
2002-08-30,8963.0,8436.0,9111.0,8361.0,275290
2002-09-02,9188.0,9224.0,9261.0,8774.0,135366
2002-09-03,8775.0,9112.0,9187.0,8775.0,130786
2002-09-04,9000.0,8550.0,9075.0,8400.0,151856
2002-09-05,8850.0,9000.0,9150.0,8850.0,74785
2002-09-06,8400.0,8662.0,8775.0,8287.0,99327
2002-09-09,7725.0,8400.0,8550.0,7687.0,109009
2002-09-10,7988.0,7761.0,7986.0,7724.0,85110
2002-09-11,8138.0,8024.0,8211.0,7874.0,86472
2002-09-12,8288.0,8211.0,8549.0,8136.0,112453
2002-09-13,8025.0,8025.0,8137.0,7950.0,57717
2002-09-16,8400.0,8137.0,8550.0,8062.0,160017
2002-09-17,8475.0,8625.0,8625.0,8325.0,125513
2002-09-18,7950.0,8287.0,8287.0,7950.0,68956
2002-09-19,7913.0,7948.0,8099.0,7761.0,53010
2002-09-23,7575.0,7650.0,7724.0,7424.0,85376
2002-09-24,7313.0,7468.0,7468.0,7281.0,75670
2002-09-25,6900.0,7125.0,7200.0,6802.0,97286
2002-09-26,6900.0,6900.0,7192.0,6892.0,61780
2002-09-27,6863.0,7086.0,7101.0,6726.0,49639
2002-09-30,6375.0,6712.0,6712.0,6225.0,78407
2002-10-01,6495.0,6487.0,6525.0,6225.0,33683
2002-10-02,6435.0,6787.0,6787.0,6435.0,42680
2002-10-04,6563.0,6449.0,6606.0,6374.0,30743
2002-10-07,6300.0,6450.0,6502.0,6225.0,57918
2002-10-08,6240.0,6097.0,6367.0,6090.0,37280
2002-10-09,6150.0,6292.0,6292.0,6006.0,37982
2002-10-10,5790.0,5894.0,6000.0,5700.0,63811
2002-10-11,5768.0,5939.0,5939.0,5691.0,27550
2002-10-14,5925.0,5812.0,5969.0,5797.0,58665
2002-10-15,6173.0,6029.0,6224.0,5931.0,43240
2002-10-16,6075.0,6247.0,6292.0,6075.0,76510
2002-10-17,6083.0,5886.0,6179.0,5886.0,75347
2002-10-18,6480.0,6487.0,6510.0,6202.0,113160
2002-10-21,6285.0,6382.0,6412.0,6270.0,55940
2002-10-22,6150.0,6382.0,6502.0,6105.0,50753
2002-10-23,6420.0,6142.0,6420.0,6142.0,46929
2002-10-24,6600.0,6487.0,6855.0,6420.0,119580
2002-10-25,6465.0,6525.0,6600.0,6449.0,50230
2002-10-28,6660.0,6465.0,6712.0,6465.0,60973
2002-10-29,6743.0,6629.0,6749.0,6629.0,63470
2002-10-30,6510.0,6742.0,6750.0,6412.0,59999
2002-10-31,6398.0,6584.0,6584.0,6374.0,22366
2002-11-01,6270.0,6322.0,6412.0,6270.0,32210
2002-11-04,6465.0,6360.0,6465.0,6307.0,33140
2002-11-05,6315.0,6412.0,6450.0,6300.0,21511
2002-11-06,6353.0,6411.0,6411.0,6299.0,47730
2002-11-07,6285.0,6352.0,6367.0,6262.0,39197
2002-11-08,6263.0,6299.0,6299.0,6171.0,24340
2002-11-11,6120.0,6165.0,6225.0,6120.0,37400
2002-11-12,6135.0,6021.0,6375.0,6021.0,40010
2002-11-13,6083.0,6216.0,6216.0,6006.0,17353
2002-11-14,6150.0,6097.0,6300.0,6097.0,17902
2002-11-15,6158.0,6194.0,6291.0,6149.0,37801
2002-11-18,6060.0,6187.0,6187.0,6060.0,25860
2002-11-19,6090.0,6075.0,6127.0,6022.0,39023
2002-11-20,6090.0,6075.0,6150.0,6060.0,34024
2002-11-21,6293.0,6134.0,6291.0,6126.0,92742
2002-11-22,6338.0,6411.0,6419.0,6269.0,61286
2002-11-25,6810.0,6420.0,6855.0,6360.0,202846
2002-11-26,6975.0,6900.0,6975.0,6675.0,112160
2002-11-27,7350.0,6832.0,7425.0,6786.0,133678
2002-11-28,7328.0,7499.0,7724.0,7214.0,129710
2002-11-29,7425.0,7245.0,7454.0,7177.0,69200
2002-12-02,7493.0,7274.0,7649.0,7266.0,88340
2002-12-03,7500.0,7432.0,7650.0,7432.0,121510
2002-12-04,7065.0,7454.0,7454.0,7012.0,73025
2002-12-05,7200.0,7065.0,7252.0,6945.0,80240
2002-12-06,7028.0,6981.0,7146.0,6981.0,64671
2002-12-09,6983.0,6996.0,7176.0,6974.0,51995
2002-12-10,7388.0,6936.0,7401.0,6936.0,133338
2002-12-11,7358.0,7499.0,7574.0,7221.0,51952
2002-12-12,7313.0,7371.0,7424.0,7259.0,57742
2002-12-13,7268.0,7236.0,7311.0,7048.0,39603
2002-12-16,7178.0,7266.0,7274.0,7086.0,33700
2002-12-17,7185.0,7237.0,7289.0,7153.0,54086
2002-12-18,7410.0,7184.0,7416.0,7124.0,96450
2002-12-20,7230.0,7320.0,7394.0,6982.0,64016
2002-12-23,6788.0,7124.0,7161.0,6786.0,75420
2002-12-24,6503.0,6614.0,6711.0,6396.0,64205
2002-12-26,6413.0,6374.0,6494.0,6239.0,38860
2002-12-27,6345.0,6232.0,6412.0,6232.0,14110
2002-12-30,6075.0,6225.0,6261.0,6052.0,46360
2003-01-02,6300.0,6337.0,6337.0,6097.0,21320
2003-01-03,6593.0,6441.0,6636.0,6351.0,35705
2003-01-06,6525.0,6600.0,6637.0,6435.0,25180
2003-01-07,6300.0,6607.0,6667.0,6300.0,32410
2003-01-08,6518.0,6321.0,6584.0,6321.0,17250
2003-01-09,6413.0,6336.0,6516.0,6336.0,14320
2003-01-10,6285.0,6449.0,6600.0,6150.0,45787
2003-01-13,6593.0,6156.0,6629.0,6156.0,67420
2003-01-14,6600.0,6630.0,6637.0,6465.0,38090
2003-01-15,6645.0,6561.0,6660.0,6525.0,40759
2003-01-16,6728.0,6576.0,6824.0,6486.0,59275
2003-01-17,6630.0,6712.0,6734.0,6622.0,45750
2003-01-20,6488.0,6516.0,6546.0,6419.0,24900
2003-01-21,6323.0,6516.0,6516.0,6321.0,19721
2003-01-22,6225.0,6247.0,6321.0,6135.0,41350
2003-01-23,6263.0,6201.0,6374.0,6194.0,35573
2003-01-24,6150.0,6345.0,6352.0,6074.0,35940
2003-01-27,6105.0,6187.0,6187.0,6081.0,40740
2003-01-28,6090.0,6104.0,6180.0,6044.0,27424
2003-01-29,5858.0,6096.0,6111.0,5856.0,51340
2003-01-30,5933.0,5924.0,6111.0,5796.0,22424
2003-02-03,6023.0,5849.0,6029.0,5849.0,20500
2003-02-04,6030.0,6014.0,6217.0,6000.0,20076
2003-02-05,6023.0,5999.0,6073.0,5931.0,29585
2003-02-06,5985.0,6067.0,6089.0,5932.0,22488
2003-02-07,5858.0,5983.0,5983.0,5856.0,28565
2003-02-10,5775.0,5865.0,5865.0,5767.0,26570
2003-02-11,5775.0,5805.0,5842.0,5587.0,46160
2003-02-12,5775.0,5775.0,5805.0,5715.0,21240
2003-02-13,5768.0,5766.0,5849.0,5736.0,25743
2003-02-14,5790.0,5886.0,5886.0,5752.0,11850
2003-02-17,5993.0,5856.0,5991.0,5849.0,30360
2003-02-18,5993.0,5976.0,6036.0,5931.0,20210
2003-02-19,5993.0,6104.0,6104.0,5991.0,26090
2003-02-20,5940.0,5947.0,6015.0,5910.0,30352
2003-02-21,5963.0,5991.0,5999.0,5886.0,17440
2003-02-24,6210.0,6000.0,6247.0,5992.0,73840
2003-02-25,6068.0,6179.0,6246.0,6043.0,48971
2003-02-26,6045.0,6067.0,6127.0,6045.0,15930
2003-02-27,5918.0,6036.0,6043.0,5916.0,21671
2003-02-28,5910.0,6134.0,6134.0,5910.0,21701
2003-03-03,5888.0,5999.0,5999.0,5826.0,23940
2003-03-04,5768.0,5856.0,5863.0,5759.0,36500
2003-03-05,5550.0,5632.0,5760.0,5482.0,57481
2003-03-06,5423.0,5549.0,5564.0,5361.0,40566
2003-03-07,5220.0,5280.0,5385.0,5212.0,56786
2003-03-10,5228.0,5196.0,5346.0,5121.0,18334
2003-03-11,5033.0,5166.0,5166.0,5024.0,29160
2003-03-12,5055.0,4950.0,5115.0,4920.0,33410
2003-03-13,4988.0,5174.0,5174.0,4926.0,15216
2003-03-14,5130.0,5242.0,5250.0,5100.0,55315
2003-03-17,4815.0,5047.0,5047.0,4800.0,48230
2003-03-18,5003.0,5091.0,5091.0,4956.0,34953
2003-03-19,5093.0,4949.0,5144.0,4949.0,36979
2003-03-20,5415.0,5190.0,5437.0,5122.0,65283
2003-03-21,5550.0,5400.0,5610.0,5332.0,40330
2003-03-24,5565.0,5685.0,5685.0,5512.0,52520
2003-03-25,5498.0,5369.0,5563.0,5323.0,69900
2003-03-26,5588.0,5496.0,5699.0,5496.0,33095
2003-03-27,5565.0,5550.0,5617.0,5542.0,10643
2003-03-28,5565.0,5542.0,5565.0,5475.0,15253
2003-03-31,5400.0,5490.0,5490.0,5385.0,19100
2003-04-01,5513.0,5324.0,5773.0,5256.0,22500
2003-04-02,5460.0,5475.0,5512.0,5400.0,15290
2003-04-03,5550.0,5647.0,5647.0,5512.0,29850
2003-04-04,5745.0,5542.0,5827.0,5475.0,50680
2003-04-07,5970.0,5924.0,6067.0,5595.0,72740
2003-04-08,6000.0,6022.0,6082.0,5925.0,41680
2003-04-09,6023.0,5999.0,6073.0,5886.0,25531
2003-04-10,5963.0,6021.0,6089.0,5961.0,27938
2003-04-11,6060.0,5970.0,6157.0,5970.0,39067
2003-04-14,6195.0,6149.0,6247.0,6112.0,45147
2003-04-15,6195.0,6292.0,6300.0,6157.0,63783
2003-04-16,6390.0,6225.0,6434.0,6150.0,73451
2003-04-17,6608.0,6449.0,6651.0,6374.0,95853
2003-04-18,6600.0,6645.0,6675.0,6525.0,73295
2003-04-21,6510.0,6390.0,6585.0,6390.0,31950
2003-04-22,6330.0,6502.0,6502.0,6187.0,51650
2003-04-23,6203.0,6261.0,6374.0,6186.0,48835
2003-04-24,6098.0,6119.0,6216.0,6036.0,47682
2003-04-25,5693.0,6073.0,6073.0,5691.0,79338
2003-04-28,6113.0,5773.0,6539.0,5691.0,284780
2003-04-29,6255.0,6000.0,6285.0,5955.0,101110
2003-04-30,6225.0,6329.0,6329.0,6112.0,45106
2003-05-02,6278.0,6239.0,6449.0,6194.0,30890
2003-05-06,6375.0,6307.0,6487.0,6172.0,58162
2003-05-07,6368.0,6344.0,6471.0,6276.0,81600
2003-05-09,6338.0,6366.0,6419.0,6269.0,39257
2003-05-12,6390.0,6382.0,6486.0,6374.0,65630
2003-05-13,6285.0,6397.0,6449.0,6255.0,44870
2003-05-14,6428.0,6434.0,6486.0,6299.0,51852
2003-05-15,6818.0,6464.0,7124.0,6464.0,213903
2003-05-16,6825.0,6862.0,6967.0,6637.0,104550
2003-05-19,6750.0,6750.0,6825.0,6637.0,90810
2003-05-20,6915.0,6600.0,7035.0,6600.0,94060
2003-05-21,6915.0,6840.0,7101.0,6840.0,75550
2003-05-22,6705.0,6832.0,7041.0,6607.0,211909
2003-05-23,6825.0,6727.0,6967.0,6681.0,70023
2003-05-26,6848.0,6824.0,6899.0,6764.0,72462
2003-05-27,7200.0,6975.0,7260.0,6840.0,157541
2003-05-28,8250.0,7252.0,8250.0,7252.0,472208
2003-05-29,8100.0,8400.0,8736.0,8062.0,387571
2003-05-30,7913.0,8249.0,8399.0,7799.0,236312
2003-06-02,9038.0,8174.0,9074.0,8024.0,604878
2003-06-03,8700.0,9525.0,10125.0,8625.0,1258048
2003-06-04,8475.0,9000.0,9150.0,8175.0,338127
2003-06-05,8288.0,8549.0,8811.0,8249.0,179239
2003-06-09,8063.0,8136.0,8474.0,7986.0,175012
2003-06-10,8213.0,7874.0,8286.0,7761.0,147074
2003-06-11,7950.0,8212.0,8287.0,7950.0,127363
2003-06-12,8063.0,7911.0,8136.0,7874.0,101600
2003-06-13,9150.0,8175.0,9225.0,8061.0,482543
2003-06-16,8663.0,9149.0,9149.0,8624.0,187908
2003-06-17,8775.0,8962.0,9000.0,8625.0,152200
2003-06-18,8813.0,8624.0,9336.0,8624.0,251886
2003-06-19,8625.0,8887.0,8925.0,8550.0,134453
2003-06-20,8550.0,8587.0,8775.0,8400.0,91259
2003-06-23,8288.0,8474.0,8699.0,8286.0,99761
2003-06-24,7913.0,8249.0,8249.0,7724.0,190220
2003-06-25,7950.0,8137.0,8137.0,7837.0,79706
2003-06-26,7800.0,7912.0,7987.0,7725.0,86426
2003-06-27,7800.0,7800.0,7950.0,7650.0,74530
2003-06-30,8213.0,8024.0,8511.0,7948.0,222033
2003-07-01,8400.0,8062.0,8475.0,8062.0,117875
2003-07-02,8625.0,8550.0,8775.0,8287.0,157921
2003-07-03,9075.0,8662.0,9375.0,8625.0,324560
2003-07-04,8963.0,8999.0,9074.0,8886.0,120901
2003-07-07,9000.0,9150.0,9225.0,8887.0,146130
2003-07-08,9900.0,9075.0,10312.0,9000.0,888233
2003-07-09,9900.0,9975.0,10050.0,9675.0,145407
2003-07-10,9900.0,9975.0,9975.0,9525.0,210788
2003-07-11,9863.0,9599.0,10161.0,9449.0,205021
2003-07-14,9750.0,9787.0,9937.0,9637.0,95078
2003-07-15,9150.0,9750.0,9750.0,9150.0,215108
2003-07-16,9263.0,9074.0,9374.0,9074.0,76979
2003-07-18,8963.0,8999.0,9224.0,8886.0,110830
2003-07-21,9263.0,9036.0,9449.0,8849.0,125060
2003-07-22,9225.0,9075.0,9300.0,9075.0,64403
2003-07-23,9638.0,9299.0,9899.0,9299.0,176531
2003-07-24,9638.0,9711.0,9711.0,9524.0,48631
2003-07-25,9413.0,9524.0,9711.0,9374.0,68836
2003-07-28,9300.0,9450.0,9637.0,8962.0,132140
2003-07-29,9375.0,9300.0,9450.0,9262.0,93570
2003-07-30,9263.0,9186.0,9299.0,9074.0,83136
2003-07-31,9113.0,9149.0,9261.0,9036.0,50012
2003-08-01,9563.0,9149.0,9599.0,9111.0,74284
2003-08-04,9450.0,9487.0,9487.0,9187.0,39350
2003-08-05,9225.0,9450.0,9487.0,9187.0,39196
2003-08-06,9150.0,9225.0,9225.0,9037.0,51577
2003-08-07,9375.0,9262.0,9412.0,9150.0,44290
2003-08-08,9300.0,9262.0,9412.0,9225.0,40310
2003-08-11,9225.0,9300.0,9300.0,9112.0,41677
2003-08-12,9113.0,9224.0,9299.0,9074.0,48475
2003-08-13,9113.0,9036.0,9261.0,9036.0,54843
2003-08-14,9338.0,9111.0,9449.0,9111.0,60296
2003-08-18,10050.0,9525.0,10200.0,9487.0,438560
2003-08-19,9675.0,10125.0,10162.0,9600.0,190955
2003-08-20,9450.0,9862.0,9862.0,9375.0,83397
2003-08-21,9338.0,9449.0,9749.0,9261.0,89682
2003-08-22,9713.0,9486.0,9974.0,9299.0,334519
2003-08-25,9825.0,9750.0,9975.0,9525.0,182679
2003-08-26,9863.0,9899.0,9936.0,9711.0,107750
2003-08-27,10613.0,9936.0,10611.0,9749.0,437607
2003-08-28,10313.0,10611.0,10761.0,10274.0,190061
2003-08-29,10575.0,10350.0,11212.0,10087.0,332082
2003-09-01,10575.0,10687.0,11025.0,10425.0,287895
2003-09-02,10275.0,10649.0,10837.0,10237.0,170500
2003-09-03,10200.0,10350.0,10350.0,10050.0,184141
2003-09-04,10388.0,10349.0,10498.0,10161.0,120943
2003-09-05,10313.0,10349.0,10574.0,10274.0,73384
2003-09-08,10425.0,10200.0,10462.0,10125.0,79124
2003-09-09,10425.0,10500.0,10725.0,10312.0,81752
2003-09-15,10388.0,10274.0,10536.0,10124.0,79258
2003-09-16,10388.0,10349.0,10536.0,10124.0,78810
2003-09-17,10613.0,10424.0,10874.0,10349.0,125650
2003-09-18,10688.0,10574.0,10799.0,10498.0,81490
2003-09-19,10500.0,10650.0,10725.0,10500.0,105473
2003-09-22,10275.0,10537.0,10537.0,10125.0,171607
2003-09-24,10650.0,10425.0,10725.0,10237.0,60994
2003-09-25,10275.0,10387.0,10500.0,10049.0,76400
2003-09-26,10163.0,10086.0,10686.0,10086.0,57857
2003-09-29,10200.0,10125.0,10275.0,10012.0,27880
2003-09-30,10163.0,10199.0,10349.0,10049.0,41220
2003-10-01,9825.0,10050.0,10050.0,9300.0,61871
2003-10-02,10013.0,9824.0,10049.0,9824.0,46021
2003-10-06,9863.0,9936.0,10049.0,9824.0,39260
2003-10-07,9750.0,9900.0,9975.0,9525.0,64430
2003-10-08,9525.0,9712.0,9750.0,9300.0,75641
2003-10-09,9375.0,9450.0,9450.0,9225.0,38290
2003-10-10,9675.0,9487.0,9750.0,9375.0,72700
2003-10-13,9563.0,9599.0,9599.0,9449.0,28907
2003-10-14,9675.0,9675.0,9712.0,9600.0,27700
2003-10-15,9675.0,9675.0,9675.0,9487.0,50810
2003-10-16,9900.0,9675.0,9975.0,9487.0,68916
2003-10-17,9975.0,9975.0,10200.0,9975.0,57077
2003-10-20,10238.0,10011.0,10236.0,9749.0,76872
2003-10-21,10163.0,10349.0,10386.0,10049.0,39570
2003-10-22,10125.0,10162.0,10162.0,10012.0,34056
2003-10-23,9788.0,10086.0,10086.0,9749.0,40707
2003-10-24,9600.0,9750.0,9825.0,9412.0,64028
2003-10-27,9563.0,9674.0,9861.0,9524.0,48320
2003-10-28,9563.0,9599.0,9674.0,9486.0,28951
2003-10-29,10013.0,9749.0,10124.0,9599.0,87210
2003-10-30,10200.0,10012.0,10275.0,9862.0,90231
2003-10-31,10388.0,10236.0,10386.0,10049.0,91685
2003-11-03,11025.0,10387.0,11025.0,10387.0,262922
2003-11-04,10988.0,11174.0,11698.0,10986.0,317250
2003-11-05,11775.0,10912.0,12075.0,10875.0,488656
2003-11-06,11250.0,11774.0,11850.0,11062.0,295529
2003-11-07,12188.0,11474.0,12224.0,11286.0,288955
2003-11-10,12300.0,12149.0,12562.0,11850.0,325702
2003-11-11,12038.0,12299.0,12299.0,10461.0,557705
2003-11-12,11813.0,11849.0,11999.0,11549.0,549706
2003-11-13,11813.0,11849.0,12374.0,11661.0,190493
2003-11-14,11738.0,11811.0,11924.0,11436.0,102708
2003-11-17,11588.0,11698.0,11811.0,11549.0,65736
2003-11-18,11438.0,11436.0,11549.0,11174.0,63243
2003-11-19,11175.0,11249.0,11587.0,10987.0,63303
2003-11-20,10988.0,11249.0,11286.0,10986.0,52461
2003-11-21,11400.0,10987.0,11475.0,10725.0,92896
2003-11-24,10950.0,11250.0,11587.0,10950.0,71177
2003-11-25,11138.0,11061.0,11174.0,10836.0,39628
2003-11-26,11588.0,11136.0,11586.0,11024.0,65035
2003-11-27,12000.0,11700.0,12112.0,11400.0,155824
2003-11-28,11775.0,12075.0,12187.0,11775.0,172399
2003-12-01,11775.0,11775.0,11848.0,11550.0,63948
2003-12-02,11738.0,11849.0,12149.0,11661.0,119164
2003-12-03,12000.0,11700.0,12000.0,11550.0,126670
2003-12-04,12338.0,11924.0,12374.0,11924.0,381256
2003-12-05,12863.0,12411.0,12899.0,12411.0,282420
2003-12-08,13275.0,12750.0,13275.0,12562.0,204120
2003-12-09,12975.0,13275.0,13537.0,12936.0,113730
2003-12-10,13650.0,12825.0,13837.0,12787.0,218603
2003-12-11,13500.0,13612.0,13762.0,13349.0,231719
2003-12-12,13575.0,13725.0,13911.0,13500.0,120052
2003-12-15,13500.0,13837.0,13837.0,13237.0,97643
2003-12-16,14100.0,13350.0,14287.0,13237.0,134081
2003-12-17,14288.0,14249.0,14511.0,14099.0,151140
2003-12-18,14625.0,14287.0,14737.0,14062.0,94897
2003-12-19,14625.0,14850.0,15075.0,14624.0,144066
2003-12-22,14663.0,14549.0,14998.0,14436.0,133094
2003-12-23,14288.0,14849.0,14849.0,14061.0,157034
2003-12-24,14400.0,14400.0,14550.0,13950.0,68975
2003-12-26,14325.0,14400.0,14550.0,14250.0,49072
2003-12-29,14325.0,14100.0,14512.0,14100.0,86320
2003-12-30,14700.0,14324.0,14887.0,14324.0,62840
2004-01-02,14400.0,14812.0,14850.0,14362.0,40607
2004-01-05,14325.0,14287.0,14586.0,14137.0,72046
2004-01-06,14250.0,14250.0,14549.0,14211.0,115676
2004-01-07,15075.0,14212.0,15112.0,14137.0,140152
2004-01-08,15000.0,15225.0,15450.0,14925.0,124964
2004-01-09,15225.0,15000.0,15375.0,14962.0,107551
2004-01-12,15000.0,15000.0,15225.0,14886.0,52785
2004-01-13,15000.0,15000.0,15000.0,14700.0,59522
2004-01-14,15150.0,14811.0,15337.0,14811.0,80051
2004-01-15,15075.0,15225.0,15337.0,15037.0,25543
2004-01-16,15263.0,15074.0,15299.0,14886.0,63739
2004-01-19,16088.0,15336.0,16161.0,15336.0,223698
2004-01-20,15750.0,15975.0,16312.0,15637.0,117913
2004-01-26,15600.0,15975.0,15975.0,15450.0,43370
2004-01-27,15300.0,15525.0,15673.0,13725.0,157057
2004-01-28,15263.0,15036.0,15486.0,14399.0,111373
2004-01-29,15150.0,14962.0,15150.0,14737.0,49678
2004-01-30,15375.0,15112.0,15487.0,14774.0,156027
2004-02-02,15263.0,15261.0,15524.0,15036.0,39150
2004-02-03,15263.0,15299.0,15524.0,14998.0,162707
2004-02-04,15263.0,15261.0,15299.0,14998.0,47660
2004-02-05,15263.0,15036.0,15448.0,14699.0,97970
2004-02-06,15000.0,15112.0,15112.0,14812.0,57550
2004-02-09,14850.0,14737.0,14925.0,14287.0,106480
2004-02-10,14700.0,14924.0,15000.0,14549.0,57290
2004-02-11,14625.0,14400.0,14737.0,14400.0,156196
2004-02-12,14775.0,14625.0,14774.0,14400.0,79320
2004-02-13,15113.0,14886.0,15149.0,14661.0,93213
2004-02-16,15150.0,15225.0,15262.0,14925.0,52246
2004-02-17,15075.0,14999.0,15150.0,14850.0,76815
2004-02-18,14925.0,15262.0,15262.0,14887.0,61290
2004-02-19,15075.0,14812.0,15112.0,14775.0,73377
2004-02-20,15150.0,14849.0,15150.0,14849.0,62480
2004-02-23,14888.0,14699.0,15224.0,14699.0,58690
2004-02-24,15075.0,14887.0,15074.0,14850.0,70640
2004-02-25,15000.0,15150.0,15150.0,14850.0,64964
2004-02-26,15150.0,14925.0,15449.0,14925.0,85456
2004-02-27,15375.0,15150.0,15374.0,15150.0,138040
2004-03-02,15750.0,15525.0,16162.0,15375.0,119728
2004-03-03,15375.0,15900.0,15937.0,15262.0,49770
2004-03-04,15113.0,15373.0,15449.0,14924.0,77121
2004-03-05,15675.0,15112.0,15712.0,15112.0,528124
2004-03-08,15825.0,15562.0,16012.0,15525.0,76150
2004-03-09,16500.0,15974.0,17100.0,15825.0,515999
2004-03-10,16538.0,16574.0,16836.0,16161.0,67630
2004-03-11,16425.0,16462.0,16575.0,15899.0,72488
2004-03-12,16125.0,16350.0,16837.0,14625.0,157673
2004-03-15,15900.0,16124.0,16237.0,15675.0,70350
2004-03-16,15563.0,15936.0,16049.0,15486.0,56725
2004-03-17,15488.0,15411.0,15673.0,15299.0,47421
2004-03-18,15375.0,15675.0,15825.0,15374.0,41515
2004-03-19,15338.0,15261.0,15486.0,15186.0,29415
2004-03-22,14850.0,15149.0,15262.0,14850.0,39420
2004-03-23,14438.0,14474.0,14849.0,14286.0,48603
2004-03-24,14438.0,14474.0,14699.0,14286.0,27712
2004-03-25,14550.0,14437.0,14662.0,14400.0,29414
2004-03-26,14775.0,14587.0,14774.0,14550.0,25228
2004-03-29,14550.0,14887.0,14887.0,14550.0,12390
2004-03-30,13913.0,14699.0,14699.0,13836.0,97039
2004-03-31,13875.0,13836.0,14175.0,13575.0,45632
2004-04-01,14025.0,14025.0,14250.0,13950.0,35996
2004-04-02,14400.0,14175.0,14400.0,14100.0,34761
2004-04-06,14363.0,14661.0,14661.0,14248.0,50830
2004-04-07,14588.0,15223.0,16424.0,14586.0,230747
2004-04-08,14250.0,14700.0,14737.0,14025.0,60234
2004-04-09,14625.0,14250.0,14925.0,14023.0,236320
2004-04-12,14775.0,14662.0,15037.0,14662.0,47012
2004-04-13,14550.0,14849.0,14849.0,14400.0,35858
2004-04-14,14625.0,14550.0,14737.0,14287.0,36670
2004-04-16,14625.0,14550.0,14624.0,14250.0,24542
2004-04-19,14850.0,14549.0,15000.0,14250.0,55205
2004-04-20,15000.0,14850.0,15000.0,14512.0,43115
2004-04-21,15188.0,14886.0,15261.0,14624.0,68257
2004-04-22,15038.0,14999.0,15224.0,14849.0,39750
2004-04-23,15525.0,15000.0,15899.0,14850.0,194428
2004-04-26,15525.0,15750.0,15750.0,15300.0,30310
2004-04-27,16125.0,15375.0,16124.0,15225.0,118005
2004-04-28,15750.0,16011.0,16425.0,15637.0,32205
2004-04-29,15263.0,15486.0,15486.0,14998.0,61683
2004-04-30,14925.0,14850.0,15262.0,14699.0,48937
2004-05-03,15150.0,14962.0,15300.0,14962.0,28310
2004-05-04,15413.0,14998.0,15524.0,14998.0,30459
2004-05-06,15600.0,15525.0,15975.0,15525.0,123562
2004-05-07,15750.0,15525.0,15787.0,15150.0,64849
2004-05-10,15075.0,15712.0,15787.0,14775.0,93085
2004-05-11,15150.0,15075.0,15225.0,14849.0,56559
2004-05-12,15000.0,14925.0,15225.0,14886.0,37960
2004-05-13,15750.0,15187.0,16087.0,15000.0,78209
2004-05-14,15975.0,16050.0,16687.0,15675.0,99125
2004-05-17,16275.0,15937.0,16725.0,15375.0,129090
2004-05-18,15900.0,16275.0,16275.0,15375.0,64342
2004-05-19,16125.0,15787.0,16425.0,15787.0,49920
2004-05-20,17400.0,16125.0,17925.0,16050.0,199743
2004-05-21,17025.0,17662.0,17662.0,17025.0,135097
2004-05-24,17063.0,17324.0,17961.0,16499.0,207988
2004-05-25,16425.0,17062.0,17175.0,15975.0,93810
2004-05-27,17175.0,16687.0,17287.0,16161.0,80194
2004-05-28,17063.0,17586.0,17736.0,17024.0,81268
2004-05-31,16875.0,16875.0,17250.0,16725.0,52330
2004-06-01,17063.0,16761.0,17061.0,16461.0,94724
2004-06-02,17175.0,17550.0,19050.0,17100.0,285745
2004-06-03,16500.0,17175.0,17287.0,16162.0,180169
2004-06-04,17213.0,16574.0,17211.0,16499.0,156613
2004-06-07,17550.0,17325.0,17737.0,17325.0,100815
2004-06-08,17400.0,17550.0,17737.0,17212.0,62311
2004-06-09,17625.0,17475.0,18000.0,17400.0,72441
2004-06-10,17700.0,17625.0,17887.0,17400.0,77428
2004-06-11,17250.0,17700.0,17850.0,17137.0,107616
2004-06-14,17850.0,17475.0,18750.0,17362.0,152039
2004-06-15,17850.0,18000.0,18150.0,17700.0,62010
2004-06-16,17963.0,18149.0,18374.0,17849.0,55795
2004-06-17,17775.0,17775.0,18075.0,17737.0,51791
2004-06-18,17925.0,17925.0,17925.0,17250.0,233585
2004-06-21,17700.0,17475.0,18000.0,17475.0,23924
2004-06-22,17325.0,17850.0,17850.0,16500.0,53157
2004-06-23,16763.0,17249.0,17249.0,16499.0,61950
2004-06-24,16875.0,16575.0,16875.0,16462.0,40388
2004-06-25,17400.0,16687.0,17625.0,16687.0,42347
2004-06-28,17400.0,17475.0,17700.0,17100.0,29420
2004-06-29,17438.0,17399.0,17474.0,17211.0,20190
2004-06-30,17738.0,17474.0,17811.0,17436.0,52041
2004-07-01,17700.0,17775.0,17850.0,17475.0,26090
2004-07-02,17663.0,17624.0,17661.0,17361.0,59730
2004-07-05,17625.0,17475.0,17700.0,17475.0,18180
2004-07-06,17475.0,17625.0,17700.0,17437.0,26674
2004-07-07,17475.0,17250.0,17550.0,17062.0,30120
2004-07-08,17475.0,17325.0,17475.0,17250.0,26640
2004-07-09,17700.0,17475.0,17925.0,17287.0,26727
2004-07-12,18150.0,17812.0,18262.0,17700.0,62920
2004-07-13,18075.0,18150.0,18225.0,17887.0,25327
2004-07-14,17925.0,18075.0,18075.0,17850.0,32610
2004-07-15,17850.0,17925.0,18000.0,17625.0,44800
2004-07-16,17850.0,17587.0,17925.0,17550.0,46073
2004-07-19,17850.0,17775.0,17887.0,17700.0,15960
2004-07-20,17963.0,17849.0,18074.0,17699.0,24770
2004-07-21,17888.0,17961.0,18149.0,17849.0,33460
2004-07-22,17925.0,18112.0,18112.0,17325.0,43080
2004-07-23,17738.0,17961.0,17961.0,17474.0,15220
2004-07-26,17588.0,17624.0,17699.0,17474.0,13760
2004-07-27,17250.0,17400.0,17512.0,14962.0,54610
2004-07-28,16950.0,17100.0,17175.0,16687.0,24500
2004-07-29,16125.0,16537.0,16650.0,15375.0,50435
2004-07-30,15975.0,15862.0,16125.0,15600.0,21860
2004-08-02,14663.0,15899.0,16161.0,14661.0,52571
2004-08-03,13500.0,14325.0,14587.0,13461.0,80720
2004-08-04,13125.0,13650.0,13650.0,12450.0,130296
2004-08-05,14250.0,12975.0,14887.0,12975.0,100754
2004-08-06,14100.0,13725.0,14512.0,13725.0,25260
2004-08-09,14025.0,13950.0,14250.0,13725.0,21091
2004-08-10,14100.0,13912.0,14249.0,13837.0,31760
2004-08-11,14213.0,14324.0,14324.0,13986.0,20320
2004-08-12,14063.0,14249.0,14249.0,13949.0,24950
2004-08-13,14250.0,13912.0,14700.0,13912.0,53180
2004-08-16,14175.0,14212.0,14212.0,13950.0,19574
2004-08-17,14250.0,14175.0,14362.0,14025.0,9930
2004-08-18,14100.0,14473.0,14473.0,14100.0,10804
2004-08-19,14063.0,14324.0,14324.0,13986.0,19908
2004-08-20,14138.0,14174.0,14323.0,14061.0,19510
2004-08-23,14213.0,14174.0,14474.0,14061.0,48430
2004-08-24,14100.0,14325.0,14437.0,14062.0,30697
2004-08-25,14100.0,14100.0,14249.0,14062.0,44566
2004-08-26,14100.0,14249.0,14325.0,14062.0,44350
2004-08-27,14100.0,14175.0,14249.0,13987.0,85049
2004-08-30,14063.0,14099.0,14211.0,13986.0,30958
2004-08-31,14250.0,14062.0,14437.0,13875.0,99550
2004-09-01,14213.0,14324.0,14324.0,13986.0,78920
2004-09-02,15525.0,14324.0,15524.0,14212.0,282484
2004-09-03,15075.0,15600.0,15600.0,15074.0,125566
2004-09-06,15150.0,14925.0,15300.0,14925.0,66860
2004-09-07,14513.0,15074.0,15074.0,14399.0,67832
2004-09-08,14625.0,14550.0,15075.0,14400.0,58360
2004-09-09,14775.0,14475.0,14925.0,14475.0,15710
2004-09-10,14700.0,14775.0,14775.0,14475.0,37760
2004-09-13,15225.0,15150.0,15600.0,15075.0,115470
2004-09-14,15000.0,15412.0,15412.0,14850.0,58405
2004-09-15,14925.0,15075.0,15075.0,14662.0,32790
2004-09-16,14925.0,14699.0,15111.0,14699.0,32210
2004-09-17,14850.0,15037.0,15075.0,14812.0,32894
2004-09-20,14738.0,14773.0,14886.0,14699.0,29631
2004-09-21,14250.0,14737.0,14737.0,14250.0,77712
2004-09-22,14138.0,14474.0,14474.0,14061.0,42125
2004-09-23,12038.0,13761.0,13836.0,12036.0,230854
2004-09-24,12413.0,11849.0,12824.0,11774.0,84440
2004-09-30,10575.0,12187.0,12412.0,10575.0,186831
2004-10-01,10125.0,10125.0,10387.0,9375.0,257029
2004-10-04,10875.0,10125.0,11362.0,10125.0,231926
2004-10-05,10950.0,10950.0,11324.0,10462.0,138164
2004-10-06,11888.0,11211.0,12149.0,10874.0,188681
2004-10-07,13200.0,12300.0,13650.0,12075.0,303286
2004-10-08,13088.0,13086.0,13161.0,12524.0,115340
2004-10-11,12900.0,12825.0,12975.0,12525.0,56070
2004-10-12,13013.0,12974.0,13424.0,12674.0,64774
2004-10-14,13650.0,13350.0,13650.0,13350.0,63890
2004-10-15,13650.0,13500.0,14175.0,13500.0,64404
2004-10-18,13613.0,13574.0,13724.0,13536.0,39430
2004-10-19,13725.0,13762.0,13799.0,13500.0,50150
2004-10-20,13875.0,13800.0,14250.0,13687.0,68717
2004-10-21,13838.0,14099.0,14136.0,13761.0,33869
2004-10-22,13350.0,13687.0,13950.0,13237.0,53300
2004-10-25,13125.0,13350.0,13350.0,12150.0,75898
2004-10-26,13125.0,12937.0,13200.0,12675.0,29477
2004-10-27,13200.0,12975.0,13800.0,12787.0,26085
2004-10-28,13388.0,13574.0,13574.0,13049.0,18496
2004-10-29,13763.0,13386.0,13799.0,13386.0,38760
2004-11-01,14588.0,13948.0,14849.0,13761.0,89305
2004-11-02,14400.0,14400.0,14775.0,14175.0,51336
2004-11-03,14813.0,14249.0,14886.0,14249.0,45331
2004-11-04,14625.0,14925.0,14962.0,14624.0,29524
2004-11-05,14925.0,14924.0,15075.0,14737.0,26941
2004-11-08,14550.0,14625.0,15375.0,14175.0,24251
2004-11-09,14550.0,14512.0,14550.0,13875.0,22985
2004-11-10,14550.0,14400.0,14811.0,14212.0,30059
2004-11-11,14775.0,14999.0,15075.0,14550.0,40883
2004-11-12,15300.0,14887.0,15300.0,14849.0,110870
2004-11-15,15413.0,15374.0,15636.0,15299.0,28607
2004-11-16,15975.0,15299.0,16237.0,15262.0,92020
2004-11-17,16313.0,16011.0,16536.0,16011.0,29881
2004-11-18,16238.0,16311.0,16424.0,16086.0,35620
2004-11-19,16350.0,16125.0,16350.0,16049.0,29432
2004-11-22,16388.0,16198.0,16461.0,16049.0,25179
2004-11-23,17438.0,16499.0,17549.0,16499.0,209940
2004-11-25,18113.0,18074.0,18261.0,17999.0,49630
2004-11-26,18375.0,18112.0,18600.0,17925.0,60180
2004-11-29,19200.0,20250.0,20550.0,19125.0,180328
2004-11-30,18750.0,19200.0,19650.0,18375.0,108970
2004-12-01,18938.0,18561.0,18936.0,18186.0,85586
2004-12-02,19425.0,18937.0,19500.0,18787.0,47740
2004-12-03,19500.0,19425.0,19575.0,19050.0,33840
2004-12-06,19463.0,19424.0,19874.0,19161.0,51400
2004-12-07,18000.0,19200.0,19200.0,18000.0,93235
2004-12-08,20250.0,18000.0,20250.0,18000.0,119057
2004-12-09,20100.0,20250.0,20250.0,19575.0,62070
2004-12-10,19500.0,19650.0,19800.0,18975.0,68130
2004-12-13,19163.0,18824.0,19349.0,18749.0,28540
2004-12-14,19500.0,19125.0,19500.0,19050.0,26845
2004-12-15,19763.0,19499.0,19836.0,19274.0,32940
2004-12-16,19350.0,20025.0,20100.0,18750.0,45161
2004-12-17,19838.0,19349.0,19836.0,18974.0,28655
2004-12-20,19950.0,19875.0,20100.0,19575.0,36735
2004-12-21,20250.0,19912.0,20250.0,19800.0,48413
2004-12-22,20100.0,20175.0,20475.0,19875.0,54890
2004-12-23,20400.0,20250.0,20887.0,19950.0,70730
2004-12-24,19875.0,20025.0,20625.0,19200.0,46403
2004-12-27,18750.0,20025.0,20512.0,18375.0,133130
2004-12-28,17363.0,18974.0,19349.0,17024.0,131347
2004-12-29,18750.0,17700.0,19125.0,17250.0,120193
2004-12-30,19013.0,18824.0,19124.0,18374.0,23959
2005-01-03,18375.0,19200.0,19200.0,18375.0,38130
2005-01-04,17925.0,18375.0,18375.0,17737.0,32351
2005-01-05,17925.0,18000.0,18112.0,17812.0,20830
2005-01-06,17588.0,18111.0,18111.0,17399.0,47870
2005-01-07,17738.0,17549.0,18224.0,17549.0,34540
2005-01-10,17775.0,17700.0,18825.0,17362.0,95741
2005-01-11,17475.0,18000.0,18150.0,17400.0,58015
2005-01-12,18600.0,17587.0,18750.0,17437.0,87160
2005-01-13,19088.0,18674.0,19236.0,18074.0,84910
2005-01-14,19200.0,19125.0,19200.0,18450.0,95251
2005-01-17,20475.0,19950.0,20512.0,19387.0,155217
2005-01-18,23513.0,21449.0,23511.0,20886.0,451353
2005-01-19,22050.0,22125.0,22500.0,21187.0,236238
2005-01-20,22650.0,22050.0,22875.0,21525.0,89936
2005-01-21,22050.0,22162.0,23099.0,21975.0,55425
2005-01-24,21525.0,21862.0,22237.0,20250.0,117128
2005-01-25,21750.0,21525.0,21862.0,20475.0,99372
2005-01-26,21600.0,21750.0,21900.0,21375.0,44409
2005-01-27,21750.0,21600.0,22499.0,21450.0,64834
2005-01-28,21863.0,21786.0,22049.0,21299.0,61460
2005-01-31,21863.0,21449.0,21861.0,21036.0,53240
2005-02-01,21450.0,21825.0,21862.0,21450.0,26156
2005-02-02,22088.0,21374.0,22386.0,21374.0,54000
2005-02-03,21600.0,22050.0,22087.0,21525.0,38329
2005-02-04,21825.0,21787.0,22050.0,21675.0,30673
2005-02-07,22238.0,21824.0,22236.0,21524.0,44004
2005-02-11,22313.0,21861.0,22349.0,21861.0,27900
2005-02-14,22463.0,22461.0,22649.0,22161.0,49508
2005-02-15,22463.0,22574.0,22574.0,22274.0,45858
2005-02-16,22125.0,22462.0,22462.0,21525.0,104421
2005-02-17,22500.0,22125.0,22875.0,21787.0,96053
2005-02-18,23738.0,22274.0,24149.0,22274.0,120522
2005-02-21,24113.0,24374.0,24374.0,23661.0,50713
2005-02-22,25800.0,24112.0,26775.0,23775.0,158385
2005-02-23,26625.0,26475.0,27036.0,25350.0,108970
2005-02-24,26550.0,26925.0,27675.0,26475.0,57770
2005-02-25,27450.0,26250.0,27900.0,26250.0,74670
2005-02-28,29100.0,27900.0,29175.0,27825.0,80070
2005-03-02,29550.0,29624.0,29624.0,28650.0,76146
2005-03-03,29663.0,29511.0,29774.0,28274.0,108350
2005-03-04,28725.0,29475.0,29662.0,28725.0,66825
2005-03-07,27375.0,28500.0,28500.0,27299.0,92640
2005-03-08,27788.0,27074.0,28161.0,26999.0,59980
2005-03-09,28125.0,27787.0,28237.0,27787.0,64011
2005-03-10,28875.0,28800.0,29400.0,28275.0,61743
2005-03-11,29550.0,28500.0,29549.0,28424.0,53811
2005-03-14,30863.0,29624.0,31349.0,29624.0,68761
2005-03-15,30000.0,30712.0,31012.0,29812.0,62714
2005-03-16,29550.0,29850.0,30450.0,28875.0,60337
2005-03-17,28500.0,28874.0,29324.0,28350.0,39747
2005-03-18,27450.0,28575.0,29025.0,26700.0,85712
2005-03-21,25875.0,27524.0,27862.0,25800.0,78888
2005-03-22,28838.0,25799.0,29736.0,25349.0,91939
2005-03-23,27525.0,29025.0,29025.0,27525.0,38682
2005-03-24,27375.0,27525.0,28425.0,26625.0,26850
2005-03-25,27750.0,27112.0,28087.0,27075.0,20649
2005-03-28,27750.0,27375.0,28761.0,27375.0,30539
2005-03-29,26288.0,27599.0,28274.0,25874.0,51043
2005-03-30,25800.0,26211.0,26437.0,24000.0,72188
2005-03-31,26250.0,26250.0,26587.0,26024.0,25456
2005-04-01,27000.0,26250.0,27112.0,26175.0,25865
2005-04-04,26963.0,26924.0,26999.0,26399.0,13756
2005-04-06,26700.0,27187.0,27412.0,26250.0,14101
2005-04-07,26925.0,26887.0,27375.0,26399.0,26640
2005-04-08,27225.0,27187.0,27225.0,26625.0,16922
2005-04-11,27075.0,27000.0,27300.0,26625.0,17300
2005-04-12,26325.0,27075.0,27187.0,26286.0,40005
2005-04-13,26475.0,26100.0,26700.0,26100.0,21031
2005-04-14,26475.0,26475.0,26550.0,26061.0,10048
2005-04-15,26175.0,25725.0,26325.0,25311.0,25374
2005-04-18,25125.0,25875.0,25950.0,24975.0,30824
2005-04-19,24638.0,24899.0,25649.0,24374.0,36092
2005-04-20,24825.0,24000.0,25500.0,23625.0,60152
2005-04-21,25125.0,24487.0,25124.0,24450.0,19920
2005-04-22,24975.0,25200.0,25500.0,24975.0,36234
2005-04-25,26025.0,25725.0,26025.0,25125.0,22074
2005-04-26,27750.0,26175.0,28350.0,26175.0,86312
2005-04-27,28163.0,27374.0,28349.0,27186.0,94576
2005-04-28,27300.0,28275.0,28800.0,27300.0,53827
2005-04-29,27563.0,26474.0,27561.0,26474.0,228647
2005-05-02,28275.0,28350.0,28875.0,27825.0,55071
2005-05-03,28313.0,28611.0,29548.0,28274.0,70924
2005-05-04,28650.0,28125.0,28725.0,28125.0,32312
2005-05-06,29100.0,28650.0,29250.0,28575.0,41979
2005-05-09,28613.0,29024.0,29024.0,28461.0,29306
2005-05-10,27863.0,28836.0,28836.0,27824.0,48553
2005-05-11,28875.0,27712.0,29250.0,27150.0,228231
2005-05-12,28988.0,28499.0,29999.0,28349.0,481990
2005-05-13,28950.0,28725.0,29250.0,28350.0,40684
2005-05-16,30150.0,28949.0,30148.0,28500.0,173470
2005-05-17,30525.0,29999.0,30750.0,29999.0,69393
2005-05-18,29963.0,30524.0,30749.0,29849.0,66778
2005-05-19,30375.0,30375.0,30750.0,29775.0,47064
2005-05-20,30000.0,30375.0,30375.0,30000.0,19193
2005-05-23,30225.0,29998.0,30224.0,29625.0,20692
2005-05-24,30413.0,30374.0,30711.0,29961.0,71710
2005-05-25,29625.0,30375.0,30412.0,29625.0,37008
2005-05-26,29400.0,29550.0,30262.0,29249.0,19100
2005-05-27,29925.0,29625.0,29925.0,29100.0,22384
2005-05-30,29925.0,30225.0,30225.0,29775.0,20221
2005-05-31,29775.0,30000.0,30150.0,29774.0,19500
2005-06-01,30000.0,29812.0,30149.0,29737.0,22252
2005-06-02,30525.0,29475.0,30862.0,29475.0,59270
2005-06-03,31388.0,30449.0,31874.0,30449.0,81659
2005-06-07,32250.0,31500.0,32625.0,31425.0,61550
2005-06-08,32925.0,32250.0,33075.0,31837.0,53061
2005-06-09,32925.0,32700.0,33600.0,32550.0,44000
2005-06-10,33038.0,32774.0,33374.0,32698.0,34300
2005-06-13,33000.0,32850.0,33450.0,32850.0,26230
2005-06-14,32288.0,32924.0,33111.0,32286.0,20570
2005-06-15,31950.0,32287.0,32287.0,30937.0,46924
2005-06-16,33713.0,31499.0,33711.0,31499.0,50117
2005-06-17,33788.0,34124.0,34124.0,33149.0,34626
2005-06-20,33750.0,33450.0,33900.0,33450.0,177560
2005-06-21,33825.0,33600.0,33825.0,33300.0,30710
2005-06-22,35100.0,33825.0,35325.0,33750.0,32871
2005-06-23,35325.0,35100.0,35475.0,34875.0,24230
2005-06-24,34950.0,34875.0,35175.0,34875.0,24156
2005-06-27,35250.0,35250.0,35250.0,34875.0,29160
2005-06-28,37125.0,36225.0,37575.0,35625.0,64960
2005-06-29,37650.0,36900.0,38100.0,36900.0,94017
2005-06-30,41175.0,38100.0,41250.0,37725.0,105276
2005-07-01,42000.0,43500.0,43500.0,36975.0,181416
2005-07-04,43500.0,41625.0,43500.0,40500.0,61842
2005-07-05,45300.0,43125.0,47250.0,43125.0,91131
2005-07-06,45750.0,45675.0,46500.0,45075.0,67835
2005-07-07,44625.0,45600.0,45600.0,43575.0,44101
2005-07-08,44775.0,44250.0,45000.0,42675.0,83923
2005-07-11,45750.0,44625.0,46200.0,44475.0,51581
2005-07-12,46125.0,45525.0,46650.0,45525.0,54913
2005-07-13,47325.0,45975.0,47700.0,45225.0,88230
2005-07-14,48750.0,46499.0,49050.0,46499.0,75286
2005-07-15,51000.0,48150.0,51000.0,48150.0,50451
2005-07-18,51450.0,51000.0,52125.0,50700.0,41082
2005-07-19,50925.0,51675.0,51900.0,50775.0,37925
2005-07-20,48975.0,50250.0,50475.0,47400.0,92410
2005-07-21,49500.0,47700.0,49875.0,47550.0,75779
2005-07-22,50100.0,48825.0,50100.0,48000.0,42638
2005-07-25,50250.0,49575.0,50775.0,49575.0,53050
2005-07-26,49875.0,48975.0,50250.0,48824.0,48065
2005-07-27,48600.0,49500.0,49650.0,48600.0,29593
2005-07-28,47850.0,48300.0,49500.0,47775.0,44312
2005-07-29,46500.0,48150.0,48150.0,45825.0,70541
2005-08-01,44250.0,46425.0,46425.0,43500.0,90851
2005-08-02,45000.0,44100.0,46125.0,42825.0,57971
2005-08-03,46125.0,44475.0,47174.0,44475.0,49113
2005-08-04,46500.0,45975.0,47250.0,45375.0,29070
2005-08-05,44250.0,46275.0,46500.0,44250.0,38136
2005-08-08,41850.0,43800.0,43800.0,41325.0,69841
2005-08-09,43050.0,41475.0,43875.0,40575.0,43590
2005-08-10,43575.0,43575.0,44475.0,43200.0,18058
2005-08-11,42375.0,43275.0,43425.0,41250.0,62248
2005-08-12,43950.0,42450.0,44100.0,42450.0,38203
2005-08-16,43500.0,43500.0,44700.0,43125.0,22447
2005-08-17,44025.0,43049.0,44025.0,42825.0,19016
2005-08-18,43800.0,43875.0,44550.0,43275.0,15416
2005-08-19,43950.0,43800.0,44025.0,43125.0,19717
2005-08-22,44250.0,43725.0,44250.0,43424.0,15445
2005-08-23,43800.0,43725.0,43875.0,43125.0,25348
2005-08-24,43125.0,43200.0,43500.0,42824.0,14957
2005-08-25,42525.0,42525.0,42750.0,42150.0,16988
2005-08-26,42000.0,42000.0,42525.0,41625.0,19143
2005-08-29,40500.0,41775.0,42000.0,39750.0,41230
2005-08-30,41025.0,40125.0,41775.0,40125.0,23015
2005-08-31,40500.0,41025.0,41175.0,40125.0,7819
2005-09-01,41100.0,39900.0,41100.0,39900.0,31304
2005-09-02,41325.0,41175.0,41699.0,40725.0,40540
2005-09-05,44400.0,41550.0,44550.0,41550.0,45097
2005-09-06,44475.0,44025.0,45524.0,44025.0,34580
2005-09-07,44700.0,44475.0,45150.0,44175.0,44173
2005-09-08,44850.0,44325.0,45225.0,44325.0,48639
2005-09-09,44625.0,45000.0,45000.0,44475.0,31838
2005-09-12,43275.0,44925.0,44925.0,42750.0,35028
2005-09-13,42675.0,42749.0,43575.0,42000.0,27932
2005-09-14,43125.0,42975.0,43425.0,42525.0,14611
2005-09-15,43350.0,42900.0,43350.0,42600.0,16301
2005-09-16,44025.0,43049.0,44025.0,43049.0,15720
2005-09-20,43575.0,44925.0,44925.0,43424.0,50546
2005-09-21,42825.0,43500.0,43500.0,42600.0,21108
2005-09-22,42900.0,42375.0,43350.0,42375.0,20297
2005-09-23,42750.0,42825.0,42900.0,42450.0,19610
2005-09-26,42750.0,42750.0,43125.0,42300.0,10691
2005-09-27,44700.0,42675.0,44775.0,42675.0,48053
2005-09-28,44700.0,44100.0,45375.0,44100.0,41754
2005-09-29,46950.0,44625.0,47175.0,44625.0,73360
2005-09-30,47250.0,47550.0,48300.0,46800.0,57661
2005-10-04,47775.0,47625.0,48374.0,47250.0,33689
2005-10-05,48750.0,48000.0,49200.0,48000.0,43057
2005-10-06,51375.0,48750.0,51750.0,48750.0,2485168
2005-10-07,52500.0,51375.0,53925.0,51375.0,141765
2005-10-10,48450.0,54675.0,54750.0,48375.0,168555
2005-10-11,49500.0,48750.0,50549.0,48750.0,55876
2005-10-12,49650.0,50250.0,50250.0,48825.0,38254
2005-10-13,49125.0,49500.0,49800.0,47625.0,40935
2005-10-14,48750.0,48750.0,48900.0,45075.0,614420
2005-10-17,52800.0,52500.0,55049.0,51375.0,180091
2005-10-18,51975.0,52725.0,52800.0,50625.0,44071
2005-10-19,51900.0,52050.0,52500.0,51000.0,59494
2005-10-20,51375.0,50474.0,52050.0,50474.0,33653
2005-10-21,52425.0,51000.0,53250.0,50775.0,47130
2005-10-24,52275.0,52125.0,52725.0,51825.0,42652
2005-10-25,52275.0,52350.0,52650.0,52125.0,31631
2005-10-26,51825.0,52275.0,52275.0,51600.0,22039
2005-10-27,52350.0,51825.0,52725.0,51225.0,40412
2005-10-28,52275.0,51825.0,52425.0,51600.0,27762
2005-10-31,52875.0,51300.0,52874.0,51300.0,41368
2005-11-01,51750.0,52875.0,53250.0,51750.0,21074
2005-11-02,52800.0,51750.0,52875.0,51600.0,27253
2005-11-03,52500.0,52500.0,52725.0,51750.0,39092
2005-11-04,53025.0,52500.0,53400.0,52050.0,38980
2005-11-07,52650.0,53025.0,53325.0,52275.0,22265
2005-11-08,53175.0,52274.0,53550.0,52200.0,34612
2005-11-09,52950.0,53025.0,53475.0,52800.0,11952
2005-11-10,53100.0,52950.0,53475.0,52650.0,10320
2005-11-11,53100.0,52800.0,53250.0,52575.0,25336
2005-11-14,52500.0,53475.0,53475.0,52425.0,26902
2005-11-15,52575.0,52499.0,52725.0,52125.0,15281
2005-11-16,52650.0,52125.0,52799.0,52125.0,20595
2005-11-17,52350.0,53175.0,53175.0,52350.0,11780
2005-11-18,52875.0,52275.0,53025.0,52125.0,20770
2005-11-21,53625.0,52875.0,53625.0,52499.0,37275
2005-11-22,54225.0,53475.0,55125.0,53475.0,30690
2005-11-23,55800.0,54075.0,56175.0,54075.0,35037
2005-11-24,59925.0,55800.0,60299.0,55500.0,62494
2005-11-25,60675.0,60000.0,63750.0,59925.0,58934
2005-11-28,61500.0,61800.0,62625.0,59999.0,25508
2005-11-29,60450.0,61499.0,61875.0,60075.0,26805
2005-11-30,62850.0,60450.0,62849.0,60450.0,26667
2005-12-01,62475.0,62250.0,63000.0,61575.0,14228
2005-12-02,63750.0,62475.0,64125.0,62174.0,23733
2005-12-05,63750.0,63525.0,64650.0,63525.0,40331
2005-12-06,63675.0,63824.0,64125.0,62925.0,20504
2005-12-07,63675.0,61875.0,63674.0,61875.0,17848
2005-12-08,63375.0,63300.0,63750.0,62700.0,30165
2005-12-09,64500.0,63225.0,64724.0,63000.0,38442
2005-12-12,62625.0,64200.0,64500.0,62625.0,25454
2005-12-13,62250.0,61950.0,63000.0,60450.0,22126
2005-12-14,61500.0,61950.0,62549.0,60750.0,14260
2005-12-15,61125.0,60750.0,61500.0,60750.0,16470
2005-12-16,60375.0,60150.0,61125.0,59925.0,24111
2005-12-19,61125.0,60075.0,62100.0,60075.0,22017
2005-12-20,61050.0,60825.0,61725.0,60750.0,9590
2005-12-21,60975.0,60750.0,61349.0,60299.0,25254
2005-12-22,60225.0,61050.0,61050.0,59699.0,29575
2005-12-23,59775.0,60075.0,60750.0,56400.0,20895
2005-12-26,60000.0,61125.0,61125.0,59625.0,14762
2005-12-27,59625.0,58275.0,60000.0,58275.0,35795
2005-12-28,59175.0,58275.0,59624.0,58275.0,8061
2005-12-29,59625.0,60000.0,60000.0,59174.0,217770
2006-01-02,61500.0,60075.0,61650.0,60075.0,29540
2006-01-03,62400.0,61500.0,62624.0,60975.0,21482
2006-01-04,62325.0,63300.0,63300.0,61650.0,8470
2006-01-05,61650.0,62025.0,62100.0,61125.0,11881
2006-01-06,61425.0,61950.0,61950.0,60450.0,20931
2006-01-09,61200.0,60750.0,61275.0,60075.0,12095
2006-01-10,60675.0,61200.0,61200.0,59699.0,14556
2006-01-11,59775.0,59925.0,60149.0,59398.0,372814
2006-01-12,60000.0,60375.0,61350.0,60000.0,22941
2006-01-13,59550.0,59625.0,60000.0,59400.0,14080
2006-01-16,59475.0,59325.0,59925.0,59100.0,7717
2006-01-17,59325.0,59924.0,60673.0,59325.0,16637
2006-01-18,58500.0,59324.0,60000.0,57148.0,24778
2006-01-19,58500.0,58425.0,58875.0,58200.0,13762
2006-01-20,58650.0,60375.0,60375.0,58125.0,16348
2006-01-23,56250.0,57075.0,58124.0,55500.0,17531
2006-01-24,54750.0,56250.0,56250.0,52875.0,381101
2006-01-25,55500.0,54000.0,56775.0,52950.0,25689
2006-01-26,56550.0,55575.0,56550.0,54749.0,8926
2006-01-27,57600.0,56475.0,57600.0,56250.0,11177
2006-01-31,57675.0,57600.0,58425.0,57375.0,4622
2006-02-01,57450.0,57675.0,57675.0,56625.0,12341
2006-02-02,57450.0,57300.0,58125.0,56249.0,12390
2006-02-03,56625.0,56999.0,57374.0,55500.0,12490
2006-02-06,56325.0,56475.0,56475.0,55500.0,13135
2006-02-07,56550.0,55950.0,56700.0,55575.0,13140
2006-02-08,55875.0,56625.0,56625.0,55200.0,8040
2006-02-09,56250.0,55575.0,56250.0,55275.0,8551
2006-02-10,56550.0,56250.0,56550.0,55650.0,7830
2006-02-13,58800.0,56925.0,58800.0,56474.0,13710
2006-02-14,58800.0,58125.0,58950.0,57900.0,11812
2006-02-15,58725.0,58725.0,59250.0,58500.0,9573
2006-02-16,58875.0,58724.0,59250.0,58275.0,10670
2006-02-17,58500.0,58875.0,58875.0,58124.0,14215
2006-02-20,58500.0,57900.0,58650.0,57900.0,9740
2006-02-21,58425.0,58125.0,58423.0,57750.0,9461
2006-02-22,58500.0,58425.0,58499.0,57900.0,662264
2006-02-23,62550.0,59250.0,64124.0,58650.0,52130
2006-02-24,60750.0,61500.0,62250.0,60750.0,9452
2006-02-27,60375.0,59400.0,60750.0,59400.0,3712
2006-02-28,60750.0,60450.0,61725.0,60375.0,9119
2006-03-02,60225.0,60000.0,61125.0,60000.0,4736
2006-03-03,59550.0,60225.0,60300.0,58499.0,5761
2006-03-06,59250.0,59250.0,59625.0,58875.0,2930
2006-03-07,57225.0,59175.0,59175.0,57225.0,10960
2006-03-08,58350.0,56850.0,58500.0,56850.0,9290
2006-03-09,59925.0,58649.0,60074.0,58500.0,6350
2006-03-10,60150.0,61200.0,61200.0,59625.0,7046
2006-03-13,60000.0,60000.0,61125.0,59175.0,5627
2006-03-14,59550.0,59925.0,59925.0,59100.0,10060
2006-03-15,59625.0,59550.0,59925.0,58875.0,8210
2006-03-16,59700.0,59625.0,59775.0,59249.0,6622
2006-03-17,59625.0,59700.0,59775.0,59250.0,2531
2006-03-20,59550.0,59625.0,59625.0,59024.0,4111
2006-03-21,58875.0,59550.0,59550.0,58874.0,7301
2006-03-22,57075.0,58875.0,58948.0,56999.0,20907
2006-03-23,57900.0,56700.0,58500.0,56700.0,8691
2006-03-24,57750.0,57900.0,58349.0,56924.0,3320
2006-03-27,57600.0,57300.0,57825.0,57150.0,2287
2006-03-28,56625.0,57600.0,57750.0,56325.0,9183
2006-03-29,55950.0,56625.0,56625.0,55950.0,8757
2006-03-30,55875.0,55950.0,56250.0,55725.0,364085
2006-03-31,57000.0,55950.0,57225.0,55950.0,7741
2006-04-03,57375.0,57000.0,57675.0,57000.0,206621
2006-04-04,57675.0,57074.0,58349.0,57000.0,4330
2006-04-05,58425.0,57224.0,59175.0,57224.0,9226
2006-04-06,57525.0,58575.0,58575.0,56925.0,11030
2006-04-07,57225.0,57449.0,57750.0,57000.0,546487
2006-04-10,57300.0,56924.0,57450.0,56924.0,5810
2006-04-11,56850.0,57000.0,57750.0,56475.0,19453
2006-04-12,58200.0,56850.0,58200.0,56625.0,6262
2006-04-13,57825.0,58275.0,58275.0,57450.0,2511
2006-04-14,57750.0,57825.0,58050.0,57375.0,5055
2006-04-17,57075.0,57225.0,57600.0,56925.0,11684
2006-04-18,58950.0,57075.0,59250.0,56925.0,26910
2006-04-19,59025.0,59099.0,59099.0,58200.0,17410
2006-04-20,58125.0,58575.0,59025.0,58125.0,8626
2006-04-21,58725.0,58200.0,59100.0,58200.0,6540
2006-04-24,58500.0,58875.0,58875.0,57675.0,4931
2006-04-25,58950.0,58575.0,59324.0,58575.0,9547
2006-04-26,59025.0,58649.0,59250.0,58649.0,6784
2006-04-27,59025.0,58800.0,59549.0,58725.0,11291
2006-04-28,58500.0,59400.0,59400.0,58499.0,10959
2006-05-02,58875.0,58350.0,58874.0,58275.0,8350
2006-05-03,59250.0,58875.0,59325.0,58500.0,15446
2006-05-04,59175.0,59250.0,59250.0,58275.0,4600
2006-05-08,59550.0,59024.0,59549.0,58875.0,13112
2006-05-09,59250.0,59550.0,59925.0,58800.0,3535
2006-05-10,59325.0,59250.0,59325.0,58949.0,6614
2006-05-11,59400.0,59625.0,59924.0,58800.0,6604
2006-05-12,58875.0,59400.0,59400.0,58350.0,7895
2006-05-15,57975.0,57375.0,58349.0,57000.0,9209
2006-05-16,57525.0,58425.0,58425.0,57375.0,5680
2006-05-17,57750.0,57674.0,57825.0,57225.0,6749
2006-05-18,56775.0,57374.0,57374.0,55125.0,10026
2006-05-19,56250.0,56625.0,56925.0,56100.0,16424
2006-05-22,55725.0,56925.0,57000.0,55349.0,7010
2006-05-23,54825.0,53999.0,55725.0,52425.0,15134
2006-05-24,54525.0,55200.0,55200.0,53700.0,7625
2006-05-25,53625.0,54300.0,54375.0,52499.0,12261
2006-05-26,54675.0,54675.0,54675.0,53250.0,10138
2006-05-29,54750.0,54375.0,55125.0,54075.0,5920
2006-05-30,54375.0,55425.0,55425.0,54075.0,7880
2006-06-01,54000.0,53850.0,54675.0,52650.0,14610
2006-06-02,53250.0,53925.0,54000.0,52875.0,11270
2006-06-05,51750.0,53250.0,53250.0,51750.0,21679
2006-06-07,48600.0,51000.0,51150.0,47699.0,17374
2006-06-08,46500.0,47325.0,48375.0,43650.0,15403
2006-06-09,49875.0,46500.0,49875.0,46425.0,8546
2006-06-12,51000.0,50474.0,51375.0,49500.0,4316
2006-06-13,51150.0,51000.0,51150.0,50024.0,5702
2006-06-14,54000.0,50550.0,54150.0,50550.0,6072
2006-06-15,55125.0,52875.0,55500.0,52875.0,42659
2006-06-16,55500.0,56250.0,56250.0,55125.0,55687
2006-06-19,54750.0,56025.0,56025.0,52950.0,5928
2006-06-20,53925.0,54000.0,55350.0,53400.0,5721
2006-06-21,53400.0,53625.0,53999.0,52500.0,4281
2006-06-22,53400.0,53400.0,53999.0,53175.0,5277
2006-06-23,53625.0,53400.0,53850.0,52650.0,4231
2006-06-26,53625.0,53999.0,53999.0,52650.0,1085
2006-06-27,53475.0,53625.0,53625.0,52875.0,3527
2006-06-28,51675.0,53100.0,53100.0,51450.0,4419
2006-06-29,52275.0,51750.0,52950.0,51675.0,2489
2006-06-30,51675.0,53175.0,53175.0,51150.0,12605
2006-07-03,51300.0,51675.0,51675.0,50625.0,5369
2006-07-04,51225.0,50774.0,51224.0,50774.0,7129
2006-07-05,50925.0,50775.0,51750.0,50475.0,6121
2006-07-06,48000.0,49500.0,50174.0,47774.0,14138
2006-07-07,49575.0,48450.0,49875.0,48375.0,4262
2006-07-10,50550.0,49050.0,50625.0,49050.0,3860
2006-07-11,50550.0,51075.0,51075.0,50250.0,2578
2006-07-12,49050.0,49950.0,49950.0,48075.0,6512
2006-07-13,49200.0,49050.0,49350.0,48075.0,5168
2006-07-14,49050.0,48150.0,49199.0,48150.0,5956
2006-07-18,49050.0,47624.0,49425.0,47624.0,6844
2006-07-19,48750.0,49050.0,49500.0,48000.0,2593
2006-07-20,48675.0,49125.0,49200.0,48225.0,4297
2006-07-21,48675.0,48675.0,48750.0,47775.0,5333
2006-07-24,48000.0,48374.0,48674.0,47400.0,4146
2006-07-25,48000.0,48600.0,48600.0,47400.0,2400
2006-07-26,48750.0,47625.0,48750.0,47175.0,10764
2006-07-27,49650.0,49124.0,49725.0,48525.0,4651
2006-07-28,49575.0,49124.0,49725.0,48525.0,3836
2006-07-31,50925.0,49650.0,51000.0,48975.0,11991
2006-08-01,50925.0,51675.0,51675.0,50550.0,1804
2006-08-02,49800.0,50925.0,50925.0,49575.0,721
2006-08-03,49800.0,49875.0,49875.0,49050.0,676
2006-08-04,49800.0,50850.0,50850.0,48975.0,680
2006-08-07,49800.0,49500.0,50250.0,49350.0,3153
2006-08-08,48900.0,50175.0,50175.0,48825.0,22130
2006-08-09,48900.0,48375.0,49125.0,48375.0,2080
2006-08-10,48525.0,49050.0,49050.0,48375.0,3120
2006-08-11,48750.0,48975.0,48975.0,48000.0,1484
2006-08-14,48750.0,47700.0,48824.0,47700.0,4824
2006-08-16,48675.0,48225.0,49050.0,48075.0,3445
2006-08-17,48750.0,48750.0,49350.0,47925.0,5792
2006-08-18,48825.0,48075.0,48825.0,48000.0,4915
2006-08-21,48750.0,48750.0,49050.0,48149.0,6637
2006-08-22,48975.0,49350.0,49350.0,48300.0,3677
2006-08-23,49125.0,48749.0,49500.0,48749.0,5058
2006-08-24,48825.0,48749.0,49575.0,48525.0,3982
2006-08-25,49425.0,48900.0,49575.0,48525.0,5238
2006-08-28,51600.0,49125.0,51900.0,48900.0,11276
2006-08-29,52875.0,52125.0,52950.0,51075.0,11993
2006-08-30,54000.0,52875.0,54000.0,52650.0,12054
2006-08-31,55425.0,54000.0,55500.0,53250.0,10795
2006-09-01,55050.0,55500.0,56250.0,54375.0,7193
2006-09-04,55050.0,54525.0,55425.0,54150.0,4894
2006-09-05,54900.0,54750.0,54900.0,53775.0,5513
2006-09-06,54075.0,54900.0,54900.0,53700.0,3581
2006-09-07,54825.0,54074.0,54825.0,53250.0,6238
2006-09-08,54675.0,54749.0,54749.0,53775.0,1711
2006-09-11,55125.0,54750.0,55125.0,53925.0,9949
2006-09-12,55500.0,54225.0,55500.0,54225.0,3950
2006-09-13,55500.0,55500.0,55500.0,55050.0,5863
2006-09-14,55425.0,55500.0,55500.0,54825.0,2367
2006-09-15,54750.0,55425.0,55500.0,53700.0,318161
2006-09-18,54300.0,55125.0,55425.0,54300.0,2060
2006-09-19,53925.0,55049.0,55049.0,53400.0,4537
2006-09-20,54000.0,53925.0,54150.0,53175.0,2029
2006-09-21,53325.0,54750.0,54750.0,53250.0,2602
2006-09-22,53100.0,52800.0,54075.0,52725.0,3478
2006-09-25,52875.0,53699.0,53699.0,52425.0,1304
2006-09-26,51750.0,51975.0,53100.0,51675.0,2658
2006-09-27,52725.0,52500.0,53250.0,52200.0,4006
2006-09-28,53025.0,52725.0,53400.0,52425.0,1134
2006-09-29,52125.0,53250.0,53250.0,52125.0,5807
2006-10-02,52500.0,52500.0,52574.0,51825.0,2969
2006-10-04,51150.0,52425.0,52500.0,51000.0,3715
2006-10-09,55500.0,51150.0,55500.0,47700.0,29970
2006-10-10,52800.0,53625.0,54000.0,52425.0,562976
2006-10-11,52050.0,53625.0,53625.0,51750.0,1998
2006-10-12,52500.0,50700.0,52800.0,50700.0,2664
2006-10-13,52275.0,53100.0,53250.0,52275.0,3325
2006-10-16,52200.0,53175.0,53175.0,52200.0,5915
2006-10-17,51900.0,53175.0,53175.0,51000.0,2491
2006-10-18,52650.0,51525.0,52950.0,51525.0,8707
2006-10-19,52200.0,52500.0,53250.0,52200.0,3496
2006-10-20,52875.0,52874.0,53625.0,52650.0,12414
2006-10-23,52950.0,52875.0,53325.0,52800.0,4841
2006-10-24,53250.0,53250.0,53400.0,52950.0,6448
2006-10-25,53850.0,53250.0,54600.0,52725.0,10481
2006-10-26,57000.0,54674.0,57225.0,54375.0,27623
2006-10-27,56625.0,57523.0,57900.0,55575.0,8621
2006-10-30,56850.0,56923.0,57449.0,56100.0,15081
2006-10-31,57900.0,56175.0,57899.0,56175.0,11616
2006-11-01,58800.0,58499.0,59775.0,58499.0,27535
2006-11-02,59925.0,59250.0,60149.0,58574.0,18951
2006-11-03,59850.0,59474.0,60299.0,58649.0,9020
2006-11-06,62100.0,59400.0,62849.0,59250.0,21481
2006-11-07,62250.0,62625.0,63450.0,62250.0,18351
2006-11-08,62625.0,62925.0,63075.0,62250.0,11164
2006-11-09,62475.0,63000.0,63000.0,62250.0,7357
2006-11-10,62700.0,62250.0,63225.0,61050.0,27043
2006-11-13,62850.0,62700.0,63449.0,62400.0,11919
2006-11-14,62550.0,63374.0,63374.0,62550.0,7867
2006-11-15,62850.0,62775.0,63000.0,62474.0,9486
2006-11-16,63000.0,62475.0,63225.0,62325.0,9841
2006-11-17,63375.0,63000.0,63450.0,62700.0,13816
2006-11-20,63375.0,63150.0,63524.0,62700.0,8908
2006-11-21,64125.0,63375.0,64125.0,63299.0,19243
2006-11-22,64425.0,63225.0,64650.0,63225.0,8761
2006-11-23,66750.0,64799.0,67500.0,64425.0,53480
2006-11-24,66525.0,66750.0,67125.0,65250.0,4239
2006-11-27,66525.0,65925.0,66750.0,65925.0,5920
2006-11-28,67050.0,66000.0,67350.0,66000.0,4922
2006-11-29,67425.0,66225.0,67500.0,66225.0,10861
2006-11-30,67350.0,66975.0,67500.0,66900.0,7815
2006-12-01,67500.0,66900.0,67650.0,66900.0,7719
2006-12-04,68850.0,67500.0,68925.0,67500.0,3291130
2006-12-05,67050.0,68175.0,68175.0,65475.0,8567
2006-12-06,66600.0,67350.0,67350.0,66600.0,11223
2006-12-07,66450.0,66600.0,66975.0,66375.0,8597
2006-12-08,66525.0,66525.0,66750.0,65700.0,4666
2006-12-11,66675.0,66525.0,66750.0,66000.0,5580
2006-12-12,68250.0,67500.0,68850.0,66900.0,14696
2006-12-13,67575.0,68175.0,68250.0,66600.0,13890
2006-12-14,67425.0,68175.0,68175.0,66375.0,6009
2006-12-15,67500.0,67500.0,68175.0,66750.0,3407
2006-12-18,67725.0,67500.0,68100.0,67500.0,5777
2006-12-19,68550.0,67500.0,68625.0,67350.0,9738
2006-12-20,69225.0,68550.0,70275.0,68475.0,11922
2006-12-21,68700.0,69900.0,69900.0,68625.0,6435
2006-12-22,68625.0,69000.0,69375.0,68250.0,5234
2006-12-26,69000.0,69000.0,69750.0,68400.0,5064
2006-12-27,69525.0,69000.0,69525.0,69000.0,558968
2006-12-28,70275.0,70275.0,71250.0,69600.0,6619
2007-01-02,71775.0,70275.0,72000.0,69900.0,5818
2007-01-03,71250.0,72000.0,72750.0,70875.0,11190
2007-01-04,69150.0,71250.0,72000.0,69150.0,23300
2007-01-05,67275.0,69150.0,69900.0,65625.0,21636
2007-01-08,67350.0,67425.0,68100.0,66225.0,8710
2007-01-09,67425.0,67350.0,67575.0,66825.0,8215
2007-01-10,68325.0,68025.0,69225.0,67425.0,8290
2007-01-11,69600.0,68250.0,69675.0,67875.0,207330
2007-01-12,70725.0,69600.0,71100.0,69600.0,4356
2007-01-15,71475.0,70875.0,72000.0,70200.0,6870
2007-01-16,71550.0,71925.0,71925.0,70725.0,3784
2007-01-17,71250.0,71475.0,71475.0,70950.0,6440
2007-01-18,71175.0,71625.0,71625.0,70125.0,3177
2007-01-19,70875.0,70125.0,70875.0,69900.0,6857
2007-01-22,70500.0,70500.0,71025.0,69000.0,2956
2007-01-23,69600.0,69075.0,70500.0,69075.0,112221
2007-01-24,69750.0,70500.0,70500.0,69150.0,2197
2007-01-25,69225.0,69750.0,69750.0,68475.0,2475
2007-01-26,69000.0,69225.0,69225.0,67875.0,2040
2007-01-29,68250.0,68250.0,70125.0,67875.0,1722
2007-01-30,66000.0,67575.0,68925.0,66000.0,4980
2007-01-31,67500.0,66525.0,67500.0,65775.0,3423
2007-02-01,67800.0,68250.0,68250.0,66450.0,1282
2007-02-02,67800.0,67875.0,68550.0,67725.0,2735
2007-02-05,67800.0,67200.0,68025.0,66000.0,7069
2007-02-06,66900.0,67500.0,68025.0,66675.0,2155
2007-02-07,67425.0,66900.0,67500.0,66750.0,2127
2007-02-08,66750.0,67500.0,67500.0,66525.0,1062
2007-02-09,67500.0,66750.0,67650.0,66225.0,1914
2007-02-12,67050.0,67500.0,67500.0,66600.0,1402
2007-02-13,67425.0,66525.0,67725.0,66525.0,2734
2007-02-14,67125.0,67425.0,68025.0,67050.0,5606
2007-02-15,67050.0,67950.0,67950.0,66975.0,3008
2007-02-16,67425.0,67425.0,67500.0,67050.0,3564
2007-02-20,67125.0,67575.0,67875.0,66375.0,1719
2007-02-21,66000.0,66825.0,67200.0,66000.0,550693
2007-02-22,66375.0,66750.0,66750.0,66000.0,3273
2007-02-23,65325.0,66375.0,66750.0,65249.0,3783
2007-02-26,64800.0,65325.0,66675.0,64575.0,4555
2007-02-27,64125.0,64800.0,64800.0,63675.0,3913
2007-02-28,63525.0,63000.0,63674.0,62625.0,4728
2007-03-02,63375.0,63524.0,63750.0,63000.0,2184
2007-03-05,60750.0,63300.0,63375.0,60750.0,3206
2007-03-06,62475.0,59400.0,63374.0,59400.0,2883
2007-03-07,61500.0,62549.0,63600.0,61499.0,2751
2007-03-08,61425.0,61499.0,62249.0,61425.0,2592
2007-03-09,60975.0,60975.0,61949.0,60075.0,2520
2007-03-12,63075.0,61425.0,63675.0,61049.0,2462
2007-03-13,63600.0,63075.0,63675.0,62625.0,2659
2007-03-14,62925.0,63300.0,63375.0,62249.0,1178
2007-03-15,62250.0,63000.0,63000.0,62174.0,1919
2007-03-16,62400.0,63300.0,63300.0,61500.0,3311
2007-03-19,61500.0,61499.0,62625.0,61350.0,2855
2007-03-20,61125.0,61200.0,61575.0,60375.0,4213
2007-03-21,60600.0,60674.0,60975.0,60300.0,2688
2007-03-22,60825.0,60225.0,61425.0,59849.0,4118
2007-03-23,60000.0,60975.0,61499.0,60000.0,6074
2007-03-26,60000.0,59700.0,60675.0,59700.0,2301
2007-03-27,60225.0,60075.0,60224.0,60000.0,3994
2007-03-28,59400.0,60675.0,60675.0,58950.0,2539
2007-03-29,59925.0,60000.0,60149.0,59250.0,1431
2007-03-30,60300.0,60225.0,60299.0,59250.0,2311
2007-04-02,60075.0,62250.0,62250.0,60000.0,3331
2007-04-03,60525.0,60375.0,61125.0,59925.0,4307
2007-04-04,61500.0,60525.0,61875.0,60525.0,4673
2007-04-05,61425.0,62550.0,62550.0,61050.0,2336
2007-04-06,61500.0,61875.0,62475.0,61125.0,4152
2007-04-09,61800.0,61500.0,61800.0,60750.0,5245
2007-04-10,61650.0,61875.0,62025.0,61125.0,4958
2007-04-11,60975.0,61875.0,61875.0,60750.0,5247
2007-04-12,61125.0,60750.0,61500.0,60075.0,3613
2007-04-13,61350.0,60750.0,61425.0,60375.0,4760
2007-04-16,60600.0,60824.0,61125.0,60600.0,4586
2007-04-17,60300.0,60600.0,60974.0,60225.0,3811
2007-04-18,60300.0,60225.0,60974.0,59924.0,8363
2007-04-19,60375.0,60675.0,61125.0,59475.0,7598
2007-04-20,60075.0,60525.0,60525.0,59775.0,3670
2007-04-23,61350.0,60075.0,61725.0,59850.0,12238
2007-04-24,64275.0,61800.0,65400.0,61725.0,13819
2007-04-25,63825.0,63750.0,65250.0,63750.0,6645
2007-04-26,63750.0,64425.0,64500.0,62775.0,8048
2007-04-27,63525.0,64425.0,64500.0,63075.0,3715
2007-04-30,62925.0,63675.0,63675.0,62249.0,4448
2007-05-02,62250.0,62625.0,62775.0,62025.0,2940
2007-05-03,63225.0,62850.0,63375.0,62475.0,8874
2007-05-04,62700.0,63675.0,63675.0,62625.0,5220
2007-05-07,63225.0,62624.0,63375.0,61875.0,7047
2007-05-08,62250.0,62250.0,63375.0,62250.0,7038
2007-05-09,61500.0,62925.0,63000.0,61499.0,5529
2007-05-10,62250.0,61650.0,63000.0,61500.0,9394
2007-05-11,63525.0,62250.0,63750.0,61800.0,10548
2007-05-14,63450.0,63749.0,64274.0,63075.0,11783
2007-05-15,63375.0,63450.0,63975.0,63225.0,6694
2007-05-16,63675.0,63000.0,64125.0,63000.0,5233
2007-05-17,63525.0,63674.0,64275.0,63225.0,6701
2007-05-18,63750.0,63750.0,63899.0,63300.0,5058
2007-05-21,63075.0,63375.0,63750.0,63000.0,6669
2007-05-22,62700.0,63075.0,63375.0,61949.0,8335
2007-05-23,62400.0,63000.0,63375.0,62024.0,8676
2007-05-25,63600.0,62250.0,63600.0,62025.0,7717
2007-05-28,66450.0,63825.0,66750.0,63600.0,22652
2007-05-29,72300.0,68100.0,74100.0,67050.0,54943
2007-05-30,74100.0,72750.0,74100.0,70200.0,33576
2007-05-31,77250.0,76500.0,77250.0,74100.0,26976
2007-06-01,75750.0,77250.0,79500.0,75375.0,14058
2007-06-04,75750.0,75750.0,78375.0,75000.0,20900
2007-06-05,75375.0,75750.0,75750.0,73425.0,12530
2007-06-07,75000.0,75000.0,76125.0,73875.0,14595
2007-06-08,73350.0,74250.0,74250.0,72900.0,9838
2007-06-11,72600.0,72750.0,73500.0,71250.0,12295
2007-06-12,78750.0,72450.0,81000.0,72450.0,26679
2007-06-13,78000.0,79125.0,79125.0,75375.0,5422
2007-06-14,77250.0,79500.0,79500.0,75375.0,7339
2007-06-15,75375.0,75000.0,77625.0,75000.0,10115
2007-06-18,77250.0,75750.0,78375.0,75750.0,11960
2007-06-19,75375.0,76875.0,77250.0,74850.0,7235
2007-06-20,74850.0,76500.0,78000.0,74775.0,7407
2007-06-21,75750.0,74625.0,75750.0,74625.0,8971
2007-06-22,74850.0,75750.0,75750.0,74250.0,4800
2007-06-25,74625.0,73350.0,75000.0,73350.0,7928
2007-06-26,73125.0,73950.0,75750.0,72825.0,4217
2007-06-27,71400.0,73500.0,73725.0,71400.0,5772
2007-06-28,73350.0,73500.0,73500.0,72000.0,4497
2007-06-29,74475.0,74250.0,74775.0,72750.0,3601
2007-07-02,74550.0,74775.0,74775.0,74400.0,1970
2007-07-03,74550.0,74550.0,75375.0,74250.0,11000
2007-07-04,74775.0,74550.0,75375.0,73650.0,3886
2007-07-05,75000.0,74775.0,76875.0,74775.0,9317
2007-07-06,75375.0,75000.0,75750.0,74325.0,7194
2007-07-09,75000.0,75750.0,77250.0,75000.0,6297
2007-07-10,75375.0,75000.0,76500.0,75000.0,5400
2007-07-11,77250.0,75750.0,77625.0,75000.0,13605
2007-07-12,84750.0,79500.0,87375.0,79500.0,24370
2007-07-13,85125.0,86250.0,89250.0,84750.0,11459
2007-07-16,85125.0,86250.0,87375.0,82875.0,17060
2007-07-18,82500.0,85500.0,85500.0,81750.0,7623
2007-07-19,82500.0,82500.0,82875.0,80249.0,5341
2007-07-20,89625.0,82500.0,90000.0,81000.0,18407
2007-07-23,88875.0,89250.0,90000.0,85500.0,8427
2007-07-24,87375.0,89250.0,90000.0,82875.0,13720
2007-07-25,88125.0,84375.0,88125.0,84375.0,4419
2007-07-26,85875.0,86250.0,88125.0,85500.0,4349
2007-07-27,78750.0,84000.0,84375.0,78750.0,9700
2007-07-30,80625.0,77625.0,82500.0,77625.0,9405
2007-07-31,80625.0,83250.0,83250.0,80625.0,5917
2007-08-01,76125.0,82125.0,82125.0,76125.0,5998
2007-08-02,76875.0,76875.0,81000.0,76875.0,5821
2007-08-03,79500.0,78000.0,80625.0,78000.0,2574
2007-08-06,78000.0,77250.0,79125.0,76125.0,2348
2007-08-07,79500.0,78750.0,80250.0,78000.0,4712
2007-08-08,84000.0,80250.0,85125.0,79875.0,10106
2007-08-09,82500.0,84750.0,84750.0,79500.0,9623
2007-08-10,80625.0,76125.0,80625.0,75750.0,14409
2007-08-13,78000.0,78750.0,81000.0,76500.0,7664
2007-08-14,76500.0,76500.0,78750.0,75750.0,7221
2007-08-16,67800.0,71700.0,75000.0,67800.0,6851
2007-08-17,68550.0,68400.0,74250.0,67875.0,11175
2007-08-20,72750.0,72975.0,72975.0,70575.0,9868
2007-08-21,73125.0,72825.0,74475.0,71250.0,7699
2007-08-22,75000.0,73125.0,75000.0,71250.0,9504
2007-08-23,74625.0,76500.0,77625.0,74625.0,5476
2007-08-24,72750.0,74625.0,74700.0,72225.0,7378
2007-08-27,83625.0,83625.0,83625.0,83625.0,7986
2007-08-28,96000.0,96000.0,96000.0,91500.0,71732
2007-08-29,91500.0,97500.0,106125.0,87000.0,177572
2007-08-30,88875.0,95250.0,95250.0,84000.0,60779
2007-08-31,90750.0,88500.0,93750.0,84750.0,42704
2007-09-03,93000.0,90750.0,93000.0,87375.0,29500
2007-09-04,90750.0,95250.0,95250.0,89250.0,32986
2007-09-05,87750.0,88875.0,91125.0,87375.0,15435
2007-09-06,86625.0,87750.0,88125.0,85124.0,19602
2007-09-07,88875.0,85875.0,90000.0,85500.0,15342
2007-09-10,90000.0,87750.0,95250.0,87375.0,38108
2007-09-11,87000.0,91875.0,91875.0,87000.0,14284
2007-09-12,86250.0,85875.0,87000.0,85125.0,16268
2007-09-13,85875.0,84750.0,85875.0,82500.0,19096
2007-09-14,90750.0,85875.0,90750.0,85500.0,28362
2007-09-17,89250.0,89250.0,90374.0,88500.0,14923
2007-09-18,89625.0,89250.0,90375.0,87000.0,12155
2007-09-19,89250.0,92250.0,92250.0,89250.0,11042
2007-09-20,89250.0,91875.0,91875.0,88125.0,16874
2007-09-21,89250.0,88500.0,90374.0,87750.0,18834
2007-09-27,89625.0,88500.0,90750.0,87000.0,16637
2007-09-28,90750.0,89250.0,91125.0,89250.0,11056
2007-10-01,90000.0,90750.0,93000.0,89250.0,13608
2007-10-02,90000.0,90750.0,91125.0,88875.0,14187
2007-10-04,88875.0,90000.0,91500.0,88875.0,9544
2007-10-05,90000.0,88875.0,91875.0,88875.0,11585
2007-10-08,89625.0,89624.0,90750.0,89250.0,8684
2007-10-09,90375.0,88875.0,91125.0,88875.0,13163
2007-10-10,90750.0,92250.0,92250.0,89250.0,7227
2007-10-11,89250.0,90000.0,90750.0,89250.0,6438
2007-10-12,88875.0,88875.0,90750.0,88125.0,12909
2007-10-15,90000.0,90750.0,90750.0,89250.0,8956
2007-10-16,86625.0,90000.0,92250.0,85124.0,21671
2007-10-17,89625.0,86250.0,90000.0,73875.0,17285
2007-10-18,88500.0,89625.0,89625.0,86250.0,8414
2007-10-19,82875.0,86625.0,86625.0,81375.0,10715
2007-10-22,80250.0,74925.0,82499.0,74925.0,7654
2007-10-23,84000.0,84000.0,84000.0,79875.0,6428
2007-10-24,80250.0,85875.0,85875.0,79500.0,7227
2007-10-25,79500.0,80250.0,82500.0,78750.0,8340
2007-10-26,76500.0,78750.0,78750.0,74925.0,24654
2007-10-29,79500.0,76125.0,81000.0,75000.0,12839
2007-10-30,82500.0,80625.0,83250.0,79500.0,7495
2007-10-31,81000.0,84375.0,84375.0,81000.0,5978
2007-11-01,78750.0,81000.0,81000.0,78750.0,5129
2007-11-02,82125.0,76125.0,84000.0,76125.0,10563
2007-11-05,93750.0,86625.0,93750.0,86625.0,48315
2007-11-06,85500.0,91125.0,91125.0,82500.0,27541
2007-11-07,82875.0,83250.0,84000.0,80250.0,15997
2007-11-08,81000.0,80625.0,82500.0,79500.0,8640
2007-11-09,82500.0,79500.0,82500.0,79500.0,3109
2007-11-12,82500.0,82500.0,82500.0,78374.0,11468
2007-11-13,82500.0,78750.0,82500.0,78750.0,5238
2007-11-14,81000.0,82500.0,82500.0,79125.0,10521
2007-11-15,79500.0,83250.0,87750.0,78375.0,20289
2007-11-16,77625.0,79500.0,79500.0,75750.0,8068
2007-11-19,78750.0,78375.0,81000.0,78000.0,5895
2007-11-20,76125.0,76500.0,77250.0,75000.0,11100
2007-11-21,74400.0,76500.0,77625.0,74250.0,12464
2007-11-22,73500.0,73500.0,76125.0,73500.0,9154
2007-11-23,72975.0,73500.0,75750.0,72075.0,12628
2007-11-26,75750.0,78750.0,82125.0,72375.0,39153
2007-11-27,75750.0,75000.0,75750.0,71250.0,20421
2007-11-28,74250.0,75750.0,75750.0,73125.0,10204
2007-11-29,76500.0,75750.0,76500.0,73575.0,10753
2007-11-30,78375.0,77250.0,78375.0,75000.0,8185
2007-12-03,79125.0,79125.0,79500.0,75375.0,7955
2007-12-04,78000.0,79125.0,79125.0,76875.0,4507
2007-12-05,76875.0,78000.0,78000.0,75375.0,3092
2007-12-06,76125.0,78000.0,78000.0,75750.0,4749
2007-12-07,76125.0,75750.0,77250.0,75375.0,4520
2007-12-10,75000.0,76125.0,76500.0,75000.0,3320
2007-12-11,76500.0,75000.0,76500.0,74250.0,4532
2007-12-12,81375.0,80250.0,87000.0,77625.0,49262
2007-12-13,82125.0,84000.0,84000.0,78750.0,17838
2007-12-14,79875.0,81000.0,81375.0,77625.0,12390
2007-12-17,76500.0,78000.0,78375.0,75375.0,9930
2007-12-18,76125.0,76875.0,76875.0,74925.0,13467
2007-12-20,75000.0,76500.0,78750.0,74925.0,15625
2007-12-21,74475.0,75000.0,76125.0,74400.0,9200
2007-12-24,73950.0,75750.0,75750.0,73800.0,14279
2007-12-26,73575.0,74775.0,75750.0,72900.0,20506
2007-12-27,74400.0,74250.0,74625.0,73575.0,6191
2007-12-28,75750.0,74325.0,75750.0,73575.0,10031
2008-01-02,75000.0,76500.0,76500.0,75000.0,5147
2008-01-03,75375.0,75375.0,76125.0,74475.0,6112
2008-01-04,77250.0,75375.0,77625.0,75000.0,8956
2008-01-07,81000.0,77250.0,82875.0,77250.0,16071
2008-01-08,80625.0,81000.0,82125.0,78750.0,10928
2008-01-09,77625.0,79875.0,80625.0,76125.0,7324
2008-01-10,80250.0,76125.0,80250.0,76125.0,5563
2008-01-11,81375.0,82125.0,82125.0,80250.0,16117
2008-01-14,81375.0,82125.0,82875.0,81000.0,22354
2008-01-15,76875.0,81375.0,81750.0,74250.0,13394
2008-01-16,78750.0,76500.0,79875.0,75000.0,18199
2008-01-17,67350.0,77250.0,80250.0,67125.0,84460
2008-01-18,70350.0,63600.0,70350.0,62325.0,60240
2008-01-21,72450.0,72750.0,72825.0,67725.0,21102
2008-01-22,67200.0,71775.0,71775.0,66825.0,30109
2008-01-23,67500.0,68250.0,69450.0,66750.0,29269
2008-01-24,70425.0,68925.0,70500.0,66825.0,24220
2008-01-25,72000.0,72975.0,72975.0,71250.0,19962
2008-01-28,72675.0,71250.0,73575.0,69375.0,28047
2008-01-29,75000.0,72675.0,75750.0,72525.0,64013
2008-01-30,74250.0,75000.0,77625.0,73125.0,37150
2008-01-31,72825.0,73125.0,74325.0,71100.0,42924
2008-02-01,72375.0,72750.0,72900.0,71325.0,21212
2008-02-04,72450.0,71250.0,72750.0,71250.0,23365
2008-02-05,73200.0,72450.0,73350.0,72300.0,4585
2008-02-11,72000.0,70275.0,72600.0,70275.0,5366
2008-02-12,72000.0,71025.0,72750.0,70350.0,4595
2008-02-13,71400.0,70950.0,71925.0,70950.0,8180
2008-02-14,72750.0,71850.0,72825.0,71325.0,27063
2008-02-15,73275.0,73275.0,73500.0,71700.0,13390
2008-02-18,73125.0,73875.0,73875.0,72075.0,14906
2008-02-19,73125.0,72750.0,73500.0,71625.0,13246
2008-02-20,73050.0,73125.0,73425.0,72000.0,10851
2008-02-21,73500.0,73350.0,73575.0,72750.0,21401
2008-02-22,73500.0,72450.0,73800.0,72450.0,17288
2008-02-25,75750.0,73500.0,76875.0,73500.0,37174
2008-02-26,75375.0,76125.0,77250.0,74850.0,17782
2008-02-27,75375.0,76125.0,76125.0,74700.0,1476469
2008-02-28,74625.0,74775.0,75750.0,74400.0,14522
2008-02-29,75375.0,75000.0,75375.0,74475.0,7054
2008-03-03,75750.0,74925.0,75750.0,74250.0,16096
2008-03-04,81000.0,75375.0,81750.0,75375.0,68603
2008-03-05,83625.0,81000.0,84375.0,81000.0,46947
2008-03-06,86625.0,84750.0,88500.0,84000.0,84594
2008-03-07,86625.0,86625.0,87750.0,84750.0,35440
2008-03-10,85125.0,84750.0,86250.0,83625.0,40009
2008-03-11,85125.0,84750.0,85500.0,83625.0,17937
2008-03-12,85500.0,86250.0,86625.0,82500.0,34008
2008-03-13,84750.0,86250.0,86250.0,84375.0,9392
2008-03-14,81750.0,84000.0,85500.0,80625.0,34658
2008-03-17,82875.0,81000.0,83250.0,77625.0,25576
2008-03-18,82875.0,82875.0,83625.0,81750.0,19641
2008-03-19,80625.0,84000.0,84750.0,79500.0,22533
2008-03-20,79875.0,78750.0,80625.0,76500.0,14685
2008-03-21,81000.0,78750.0,82125.0,78750.0,14372
2008-03-24,81750.0,81000.0,87000.0,81000.0,89953
2008-03-25,83625.0,83250.0,85125.0,82125.0,28985
2008-03-26,81375.0,83625.0,84000.0,81374.0,65851
2008-03-27,82875.0,83250.0,83625.0,81750.0,11352
2008-03-28,83625.0,82500.0,84750.0,81000.0,14616
2008-03-31,82875.0,84750.0,85125.0,82125.0,22421
2008-04-01,82500.0,81750.0,82875.0,80625.0,26403
2008-04-02,85500.0,83250.0,85875.0,82500.0,43357
2008-04-03,84000.0,86250.0,86250.0,82125.0,147683
2008-04-04,82875.0,82875.0,84374.0,81000.0,26372
2008-04-07,82125.0,84000.0,84000.0,81750.0,34232
2008-04-08,83625.0,83625.0,84375.0,81750.0,22689
2008-04-10,82875.0,82500.0,84000.0,82125.0,11235
2008-04-11,83250.0,83250.0,84000.0,81750.0,8268
2008-04-14,81000.0,81750.0,83249.0,80625.0,11665
2008-04-15,81000.0,80625.0,82500.0,80250.0,5674
2008-04-16,79500.0,80625.0,81375.0,79125.0,17884
2008-04-17,79500.0,81000.0,81375.0,78375.0,20559
2008-04-18,81375.0,79500.0,81374.0,77625.0,26459
2008-04-21,80250.0,81375.0,81375.0,79500.0,12531
2008-04-22,78750.0,80625.0,80625.0,78000.0,14238
2008-04-23,77625.0,78000.0,79500.0,76875.0,34625
2008-04-24,77250.0,78000.0,80250.0,77250.0,22328
2008-04-25,76875.0,78000.0,78750.0,76500.0,9615
2008-04-28,75000.0,75750.0,77625.0,75000.0,35489
2008-04-29,75750.0,75000.0,77250.0,75000.0,16030
2008-04-30,76125.0,76125.0,76125.0,75000.0,23948
2008-05-02,75000.0,76500.0,76500.0,74775.0,20356
2008-05-06,76125.0,78000.0,78000.0,75750.0,23384
2008-05-07,75750.0,76125.0,78000.0,75000.0,15888
2008-05-08,77250.0,75000.0,77625.0,75000.0,13127
2008-05-09,76500.0,77625.0,77625.0,74775.0,14268
2008-05-13,75000.0,77625.0,77625.0,74925.0,53004
2008-05-14,76875.0,75750.0,76875.0,75000.0,15799
2008-05-15,79500.0,76875.0,79875.0,75750.0,44720
2008-05-16,82500.0,79500.0,82500.0,78750.0,57647
2008-05-19,84375.0,82500.0,84750.0,82500.0,54519
2008-05-20,84000.0,85125.0,85875.0,84000.0,40768
2008-05-21,84000.0,84000.0,84000.0,82125.0,14053
2008-05-22,83625.0,84000.0,84375.0,82500.0,33340
2008-05-23,85500.0,83624.0,85875.0,83624.0,45780
2008-05-26,85125.0,84750.0,85875.0,83625.0,25571
2008-05-27,85125.0,85125.0,85875.0,84375.0,48068
2008-05-28,84750.0,85125.0,85875.0,83625.0,28899
2008-05-29,84750.0,85125.0,85125.0,84000.0,31026
2008-05-30,84000.0,85125.0,85499.0,82500.0,15758
2008-06-02,84375.0,82500.0,85125.0,82500.0,19742
2008-06-03,81375.0,79500.0,82500.0,75375.0,154686
2008-06-04,80625.0,79125.0,82125.0,78000.0,38217
2008-06-05,79500.0,81375.0,81375.0,77250.0,13533
2008-06-09,78750.0,76875.0,79500.0,76875.0,22347
2008-06-10,78750.0,80250.0,80250.0,76875.0,28416
2008-06-11,79500.0,78375.0,80250.0,78375.0,20683
2008-06-12,76500.0,79125.0,79125.0,76500.0,14761
2008-06-13,78375.0,75750.0,78750.0,75750.0,18045
2008-06-16,79875.0,78375.0,81000.0,77625.0,26361
2008-06-17,79500.0,80625.0,81375.0,78750.0,6541
2008-06-18,79500.0,80250.0,80250.0,78000.0,5039
2008-06-19,77250.0,78750.0,79125.0,77250.0,5820
2008-06-20,80250.0,78750.0,80250.0,77250.0,23855
2008-06-23,79500.0,79125.0,79875.0,77625.0,9324
2008-06-24,78375.0,78375.0,78750.0,77250.0,14995
2008-06-25,78375.0,78375.0,78375.0,76500.0,6295
2008-06-26,78000.0,78750.0,78750.0,77250.0,5464
2008-06-27,77625.0,75375.0,78000.0,75375.0,10292
2008-06-30,76500.0,76500.0,77625.0,76125.0,25681
2008-07-01,76125.0,76500.0,76875.0,76125.0,10326
2008-07-02,75750.0,76500.0,76500.0,74250.0,17421
2008-07-03,74850.0,76875.0,77250.0,74625.0,37589
2008-07-04,74625.0,76125.0,76125.0,74625.0,17746
2008-07-07,74625.0,74100.0,74850.0,74100.0,14274
2008-07-08,74550.0,73875.0,74625.0,71025.0,18637
2008-07-09,74850.0,74550.0,74850.0,73200.0,11131
2008-07-10,74775.0,72600.0,74850.0,72600.0,14597
2008-07-11,75000.0,73875.0,75375.0,73350.0,23565
2008-07-14,74700.0,75000.0,75000.0,73875.0,8560
2008-07-15,73425.0,74700.0,75000.0,73200.0,11009
2008-07-16,75000.0,74475.0,75000.0,73500.0,12152
2008-07-17,74250.0,75000.0,76125.0,73575.0,13125
2008-07-18,73875.0,73500.0,74850.0,73500.0,4718
2008-07-21,74550.0,74625.0,74925.0,73575.0,2341
2008-07-22,74925.0,74850.0,74925.0,74175.0,12360
2008-07-23,75750.0,78750.0,78750.0,75375.0,11653
2008-07-24,76500.0,76500.0,77250.0,74925.0,19883
2008-07-25,75000.0,75375.0,75375.0,73875.0,12303
2008-07-28,74325.0,75750.0,75750.0,73875.0,5380
2008-07-29,75000.0,74550.0,75375.0,73350.0,10704
2008-07-30,74925.0,75375.0,75375.0,73725.0,12309
2008-07-31,74850.0,74925.0,75000.0,73950.0,15639
2008-08-01,74250.0,72750.0,74700.0,72750.0,6440
2008-08-04,73650.0,74175.0,74175.0,72450.0,13353
2008-08-05,73050.0,72825.0,73425.0,71700.0,8372
2008-08-06,73725.0,73800.0,73800.0,72750.0,6699
2008-08-07,72825.0,73650.0,74175.0,72825.0,7290
2008-08-08,73425.0,72600.0,73725.0,72600.0,6231
2008-08-11,74100.0,74025.0,74250.0,73575.0,5050
2008-08-12,74100.0,74250.0,74250.0,73200.0,2509
2008-08-13,73950.0,74175.0,74175.0,73275.0,2630
2008-08-14,73950.0,73950.0,73950.0,72225.0,4061
2008-08-18,73500.0,74025.0,74025.0,72825.0,2233
2008-08-19,73200.0,72300.0,73200.0,72150.0,6302
2008-08-20,72225.0,72750.0,72750.0,71625.0,6138
2008-08-21,72225.0,73350.0,73425.0,72000.0,6941
2008-08-22,71550.0,72225.0,73050.0,68025.0,18045
2008-08-25,70125.0,69000.0,70800.0,68850.0,13420
2008-08-26,69900.0,69375.0,69900.0,68325.0,4593
2008-08-27,71025.0,69900.0,71025.0,69750.0,7113
2008-08-28,71250.0,69675.0,72000.0,69675.0,8454
2008-08-29,72225.0,72600.0,72600.0,70350.0,8649
2008-09-01,69225.0,70200.0,72150.0,69225.0,6133
2008-09-02,69525.0,70275.0,70425.0,68325.0,4508
2008-09-03,69750.0,70275.0,70275.0,68250.0,9077
2008-09-04,68625.0,70500.0,70500.0,68475.0,20785
2008-09-05,68625.0,68850.0,69375.0,67800.0,12286
2008-09-08,69225.0,69375.0,69825.0,68400.0,16777
2008-09-09,68850.0,68625.0,69675.0,67875.0,21620
2008-09-10,68850.0,68850.0,69750.0,68100.0,25669
2008-09-11,70650.0,69675.0,70800.0,69225.0,15775
2008-09-12,70650.0,70650.0,71400.0,70050.0,12146
2008-09-16,68250.0,67575.0,69000.0,67500.0,14891
2008-09-17,69675.0,68250.0,69675.0,68250.0,12638
2008-09-18,69375.0,67875.0,70050.0,67875.0,27711
2008-09-19,69975.0,69375.0,70650.0,69000.0,19042
2008-09-22,70500.0,70125.0,70725.0,69525.0,13286
2008-09-23,70125.0,70875.0,70950.0,69375.0,40771
2008-09-24,69750.0,70425.0,70500.0,69075.0,10318
2008-09-25,69525.0,69750.0,70050.0,69300.0,8953
2008-09-26,69750.0,69600.0,70650.0,69600.0,49155
2008-09-29,70500.0,70500.0,71250.0,69450.0,21344
2008-09-30,72375.0,68925.0,72375.0,68475.0,36715
2008-10-01,73500.0,72750.0,73875.0,72750.0,50090
2008-10-02,73950.0,74325.0,74625.0,72900.0,20311
2008-10-06,73875.0,73875.0,74625.0,73050.0,40116
2008-10-07,74625.0,73800.0,74850.0,73350.0,17737
2008-10-08,72750.0,73875.0,75375.0,72375.0,41606
2008-10-09,71325.0,72375.0,72525.0,70650.0,14311
2008-10-10,70875.0,69750.0,71625.0,69225.0,15852
2008-10-13,74250.0,71925.0,74250.0,71850.0,8871
2008-10-14,74925.0,75000.0,75750.0,74100.0,24893
2008-10-15,74850.0,75375.0,75750.0,74025.0,22312
2008-10-16,72300.0,72375.0,74175.0,70950.0,25070
2008-10-17,74025.0,72375.0,74175.0,70575.0,25333
2008-10-20,72600.0,73350.0,74700.0,72225.0,12002
2008-10-21,71250.0,72600.0,72675.0,71100.0,16066
2008-10-22,70125.0,70650.0,72000.0,69825.0,23062
2008-10-23,68250.0,68550.0,70125.0,67875.0,31130
2008-10-24,64425.0,69900.0,69900.0,62700.0,80696
2008-10-27,62625.0,64350.0,65550.0,58499.0,31862
2008-10-28,62250.0,59400.0,63000.0,59400.0,101416
2008-10-29,62175.0,64350.0,64350.0,56550.0,99252
2008-10-30,63750.0,56250.0,65250.0,56024.0,218123
2008-10-31,63000.0,63749.0,64275.0,60825.0,67314
2008-11-03,63000.0,63000.0,64199.0,62475.0,51949
2008-11-04,64500.0,63075.0,65175.0,62925.0,122928
2008-11-05,64500.0,64950.0,65550.0,64200.0,47095
2008-11-06,63750.0,64125.0,64125.0,62999.0,66737
2008-11-07,64950.0,63375.0,64950.0,63375.0,35280
2008-11-10,64500.0,64350.0,64950.0,64350.0,27062
2008-11-11,64425.0,64500.0,64800.0,64200.0,33062
2008-11-12,65775.0,64500.0,65925.0,64425.0,107933
2008-11-13,64125.0,64950.0,65550.0,63675.0,25665
2008-11-14,66000.0,65625.0,66000.0,64500.0,28398
2008-11-17,66000.0,65625.0,66300.0,64200.0,24850
2008-11-18,65100.0,66225.0,66225.0,64574.0,9270
2008-11-19,65700.0,65250.0,66300.0,63825.0,49354
2008-11-20,66300.0,64725.0,66675.0,64725.0,56981
2008-11-21,67575.0,66300.0,68100.0,65850.0,98042
2008-11-24,67950.0,68250.0,68475.0,66900.0,103149
2008-11-25,66075.0,68475.0,72450.0,66075.0,384103
2008-11-26,63750.0,66225.0,66975.0,62850.0,78188
2008-11-27,64500.0,64499.0,64575.0,63075.0,44519
2008-11-28,64500.0,64575.0,64799.0,63675.0,34000
2008-12-01,62475.0,64575.0,64874.0,62475.0,28636
2008-12-02,61725.0,61500.0,61950.0,60675.0,25399
2008-12-03,61125.0,62549.0,62549.0,60450.0,22136
2008-12-04,63750.0,61425.0,64500.0,61350.0,46290
2008-12-05,63675.0,64500.0,65099.0,63150.0,22291
2008-12-08,63675.0,64350.0,64350.0,63375.0,19837
2008-12-09,63075.0,63825.0,63825.0,62625.0,16153
2008-12-10,63075.0,63000.0,63675.0,62700.0,17941
2008-12-11,65250.0,63075.0,65249.0,63075.0,25953
2008-12-12,63675.0,64575.0,65249.0,62925.0,15084
2008-12-15,64425.0,63750.0,64875.0,63300.0,15590
2008-12-16,64350.0,64425.0,64500.0,63749.0,12771
2008-12-17,65175.0,64350.0,65175.0,64275.0,14237
2008-12-18,65100.0,65775.0,65775.0,64650.0,7436
2008-12-19,64950.0,64575.0,65550.0,64575.0,8603
2008-12-22,64875.0,64950.0,64950.0,64350.0,3811
2008-12-23,66375.0,64275.0,66375.0,64275.0,19532
2008-12-24,66075.0,65099.0,66300.0,64875.0,7564
2008-12-26,65625.0,66075.0,66750.0,65625.0,6765
2008-12-29,65550.0,65625.0,66300.0,64725.0,5050
2008-12-30,66750.0,66000.0,66750.0,64875.0,13780
2009-01-02,65625.0,66150.0,66675.0,65550.0,9206
2009-01-05,66300.0,66000.0,67725.0,65250.0,20543
2009-01-06,71625.0,67125.0,73350.0,66525.0,43084
2009-01-07,72000.0,72300.0,72375.0,69300.0,22328
2009-01-08,72000.0,71700.0,72000.0,70575.0,9864
2009-01-09,67500.0,72750.0,72975.0,66450.0,25008
2009-01-12,65250.0,67500.0,67500.0,64950.0,30211
2009-01-13,65550.0,65099.0,66375.0,64350.0,49743
2009-01-14,65550.0,65625.0,65625.0,64799.0,17548
2009-01-15,65475.0,65175.0,65475.0,64049.0,25462
2009-01-16,63600.0,65100.0,65625.0,63225.0,43094
2009-01-19,63750.0,63975.0,65174.0,63225.0,23519
2009-01-20,64875.0,63825.0,64950.0,63149.0,20705
2009-01-21,64725.0,63825.0,66300.0,63825.0,33227
2009-01-22,66000.0,64800.0,67050.0,64050.0,34906
2009-01-23,67350.0,66000.0,67350.0,65700.0,20094
2009-01-28,68850.0,66300.0,69900.0,66300.0,18572
2009-01-29,68625.0,68850.0,69825.0,67575.0,17046
2009-01-30,69000.0,68625.0,70275.0,68175.0,13813
2009-02-02,67500.0,69000.0,69225.0,66675.0,19519
2009-02-03,68775.0,67200.0,69000.0,66075.0,22929
2009-02-04,78750.0,78750.0,78750.0,78750.0,90299
2009-02-05,75750.0,81375.0,84000.0,75375.0,291456
2009-02-06,73650.0,76500.0,77625.0,72975.0,77784
2009-02-09,73800.0,74475.0,75000.0,73575.0,29831
2009-02-10,73425.0,73950.0,74475.0,73275.0,22618
2009-02-11,72900.0,72675.0,73275.0,72150.0,14202
2009-02-12,72225.0,73200.0,73200.0,72225.0,21683
2009-02-13,73275.0,72375.0,73575.0,72300.0,10458
2009-02-16,73875.0,73500.0,74925.0,73050.0,16916
2009-02-17,73725.0,73875.0,74400.0,72750.0,16538
2009-02-18,73650.0,72525.0,73875.0,72525.0,8677
2009-02-19,72975.0,73950.0,73950.0,72900.0,6614
2009-02-20,72150.0,73425.0,73425.0,72000.0,16066
2009-02-23,72300.0,72000.0,72750.0,71775.0,5283
2009-02-24,71250.0,72300.0,72300.0,71100.0,9631
2009-02-25,71250.0,71400.0,72300.0,71100.0,6990
2009-02-26,70350.0,71400.0,72000.0,70275.0,16436
2009-02-27,71250.0,71250.0,71925.0,70650.0,8647
2009-03-02,70425.0,72225.0,72225.0,70425.0,8386
2009-03-03,69900.0,69825.0,70875.0,69750.0,12974
2009-03-04,69900.0,69975.0,71100.0,69900.0,14133
2009-03-05,70425.0,70500.0,72000.0,70425.0,9295
2009-03-06,70050.0,70125.0,70500.0,69675.0,6562
2009-03-09,70725.0,70050.0,70875.0,70050.0,5280
2009-03-10,70500.0,70800.0,71250.0,70350.0,15526
2009-03-11,70350.0,71250.0,71250.0,70275.0,18248
2009-03-12,70050.0,70725.0,70800.0,70050.0,17676
2009-03-13,70350.0,70500.0,71250.0,70050.0,19257
2009-03-16,73425.0,70350.0,73725.0,70350.0,29925
2009-03-17,72300.0,73425.0,73425.0,72000.0,8359
2009-03-18,73875.0,73125.0,74325.0,72525.0,17792
2009-03-19,76875.0,74400.0,77250.0,73500.0,32793
2009-03-20,77250.0,76125.0,79125.0,75000.0,57223
2009-03-23,76125.0,76875.0,78750.0,76125.0,16940
2009-03-24,76500.0,77625.0,78375.0,76125.0,21849
2009-03-25,74175.0,76500.0,76500.0,74175.0,16534
2009-03-26,74925.0,74625.0,75000.0,73650.0,10133
2009-03-27,77625.0,74625.0,77625.0,74625.0,20345
2009-03-30,75750.0,77625.0,78750.0,74925.0,13564
2009-03-31,76125.0,75375.0,76500.0,75000.0,9266
2009-04-01,76500.0,78750.0,78750.0,76500.0,8135
2009-04-02,78000.0,76500.0,79125.0,76500.0,17262
2009-04-03,78000.0,78375.0,78375.0,77250.0,8137
2009-04-06,80250.0,78000.0,80625.0,78000.0,31067
2009-04-07,80625.0,81000.0,81000.0,79125.0,11829
2009-04-08,80250.0,80250.0,80625.0,79125.0,13167
2009-04-09,80250.0,79875.0,81000.0,79125.0,19128
2009-04-10,78750.0,80250.0,80250.0,78750.0,17752
2009-04-13,78750.0,79125.0,79500.0,78375.0,19705
2009-04-14,79125.0,78750.0,79125.0,77625.0,26377
2009-04-15,79125.0,78750.0,79875.0,78375.0,38881
2009-04-16,78000.0,79500.0,81000.0,78000.0,51628
2009-04-17,78000.0,78375.0,79125.0,76500.0,60062
2009-04-20,78000.0,0.0,0.0,0.0,0
2009-04-21,78000.0,0.0,0.0,0.0,0
2009-04-22,78000.0,0.0,0.0,0.0,0
2009-04-23,78000.0,0.0,0.0,0.0,0
2009-04-24,78000.0,0.0,0.0,0.0,0
2009-04-27,78000.0,0.0,0.0,0.0,0
2009-04-28,78000.0,0.0,0.0,0.0,0
2009-04-29,78000.0,0.0,0.0,0.0,0
2009-04-30,78000.0,0.0,0.0,0.0,0
2009-05-04,78000.0,0.0,0.0,0.0,0
2009-05-06,78000.0,0.0,0.0,0.0,0
2009-05-07,78000.0,0.0,0.0,0.0,0
2009-05-08,78000.0,0.0,0.0,0.0,0
2009-05-11,78000.0,0.0,0.0,0.0,0
2009-05-12,78000.0,0.0,0.0,0.0,0
2009-05-13,78000.0,0.0,0.0,0.0,0
2009-05-14,78000.0,0.0,0.0,0.0,0
2009-05-15,82000.0,78000.0,89700.0,75000.0,332420
2009-05-18,75600.0,83400.0,83400.0,75600.0,78011
2009-05-19,75000.0,77200.0,77200.0,73100.0,79529
2009-05-20,75000.0,75000.0,76400.0,74500.0,72189
2009-05-21,80100.0,77100.0,83400.0,76100.0,158022
2009-05-22,83000.0,81000.0,84000.0,80400.0,74025
2009-05-25,84500.0,81100.0,85900.0,80300.0,56875
2009-05-26,89500.0,89000.0,91500.0,87500.0,130584
2009-05-27,90900.0,92500.0,92600.0,88500.0,65075
2009-05-28,92000.0,89500.0,92300.0,88000.0,64982
2009-05-29,95000.0,92000.0,95000.0,90600.0,58206
2009-06-01,95000.0,92900.0,95200.0,91700.0,59210
2009-06-02,93800.0,95800.0,95800.0,93200.0,40872
2009-06-03,92900.0,93000.0,93500.0,89800.0,47803
2009-06-04,91500.0,92900.0,92900.0,90500.0,20507
2009-06-05,95000.0,93500.0,95500.0,91600.0,29794
2009-06-08,96000.0,95400.0,96000.0,93900.0,22040
2009-06-09,96800.0,95100.0,97500.0,82000.0,58621
2009-06-10,95000.0,96900.0,97000.0,91700.0,107062
2009-06-11,98200.0,96000.0,104000.0,93500.0,188698
2009-06-12,104000.0,99500.0,104000.0,97900.0,47258
2009-06-15,103000.0,104000.0,104000.0,100000.0,21334
2009-06-16,98400.0,100500.0,101500.0,98400.0,18707
2009-06-17,97900.0,97000.0,99600.0,95100.0,17351
2009-06-18,96500.0,97900.0,97900.0,95100.0,442472
2009-06-19,91000.0,95200.0,95400.0,90500.0,59895
2009-06-22,89900.0,90900.0,90900.0,87900.0,28490
2009-06-23,86100.0,89000.0,89500.0,85600.0,46329
2009-06-24,83200.0,86100.0,87000.0,83100.0,33050
2009-06-25,84800.0,83700.0,86800.0,83500.0,41267
2009-06-26,85500.0,86000.0,86500.0,84600.0,34051
2009-06-29,84000.0,87900.0,88000.0,83800.0,57139
2009-06-30,81600.0,84900.0,85300.0,81600.0,34813
2009-07-01,83000.0,81700.0,85200.0,81300.0,43617
2009-07-02,81200.0,83900.0,83900.0,80800.0,40404
2009-07-03,82800.0,80000.0,82800.0,79300.0,18852
2009-07-06,82500.0,83000.0,83000.0,81500.0,11004
2009-07-07,81300.0,81700.0,83000.0,81300.0,17508
2009-07-08,81700.0,81100.0,81700.0,80300.0,12232
2009-07-09,79000.0,81600.0,81600.0,79000.0,36345
2009-07-10,77500.0,79300.0,79900.0,77100.0,24558
2009-07-13,74900.0,77500.0,78500.0,74600.0,22735
2009-07-14,73900.0,75500.0,76000.0,73800.0,19816
2009-07-15,76900.0,73500.0,76900.0,73200.0,28679
2009-07-16,75800.0,76100.0,76700.0,74500.0,19322
2009-07-17,75900.0,75000.0,76600.0,75000.0,15880
2009-07-20,78000.0,75900.0,78200.0,75700.0,25332
2009-07-21,78500.0,78500.0,79100.0,78100.0,16127
2009-07-22,78900.0,78500.0,79700.0,77900.0,26746
2009-07-23,78100.0,79000.0,79400.0,78000.0,17530
2009-07-24,77800.0,78100.0,79000.0,77400.0,21266
2009-07-27,77400.0,78200.0,79500.0,77000.0,45993
2009-07-28,76900.0,77100.0,77600.0,76600.0,27278
2009-07-29,76500.0,76200.0,77500.0,76100.0,23436
2009-07-30,74800.0,76500.0,76600.0,74800.0,30383
2009-07-31,74900.0,74800.0,75600.0,74800.0,40418
2009-08-03,74100.0,75400.0,75600.0,73200.0,80164
2009-08-04,72600.0,74900.0,74900.0,72300.0,85314
2009-08-05,72000.0,72800.0,73600.0,71600.0,101622
2009-08-06,70600.0,72400.0,72500.0,70200.0,88558
2009-08-07,71200.0,70700.0,72600.0,70700.0,101162
2009-08-10,73200.0,71100.0,73200.0,71100.0,123985
2009-08-11,74700.0,73400.0,74700.0,73400.0,66706
2009-08-12,73500.0,74900.0,74900.0,73100.0,53686
2009-08-13,72600.0,74000.0,74200.0,72600.0,64480
2009-08-14,74500.0,72700.0,74800.0,72600.0,66840
2009-08-17,72700.0,74200.0,75100.0,72500.0,47320
2009-08-18,73000.0,72300.0,73600.0,72300.0,31773
2009-08-19,71500.0,73800.0,73800.0,71500.0,50115
2009-08-20,71600.0,71700.0,72300.0,70800.0,32431
2009-08-21,70400.0,71500.0,71800.0,70000.0,73292
2009-08-24,69700.0,70500.0,70800.0,69200.0,45532
2009-08-25,70100.0,69700.0,71700.0,69200.0,33772
2009-08-26,70100.0,70300.0,70900.0,69800.0,37919
2009-08-27,70200.0,70300.0,70700.0,70000.0,26300
2009-08-28,70000.0,70700.0,70700.0,69600.0,26876
2009-08-31,69900.0,70300.0,70400.0,68700.0,42987
2009-09-01,70000.0,69400.0,70400.0,69300.0,33264
2009-09-02,70200.0,69100.0,70200.0,68800.0,29903
2009-09-03,71000.0,70100.0,71300.0,69600.0,26838
2009-09-04,70800.0,71300.0,71300.0,70100.0,17212
2009-09-07,70000.0,70300.0,71300.0,69800.0,18981
2009-09-08,70000.0,70500.0,70500.0,69200.0,19909
2009-09-09,69000.0,70100.0,70100.0,69000.0,28902
2009-09-10,70500.0,68900.0,70500.0,68800.0,38019
2009-09-11,73400.0,70500.0,73800.0,70000.0,84807
2009-09-14,73300.0,73500.0,73700.0,72700.0,38925
2009-09-15,73500.0,74300.0,74600.0,73300.0,37677
2009-09-16,73700.0,73600.0,73900.0,72800.0,50981
2009-09-17,73500.0,73100.0,73900.0,72600.0,53829
2009-09-18,75300.0,74000.0,76000.0,73400.0,128917
2009-09-21,74800.0,75000.0,75300.0,74300.0,33768
2009-09-22,75600.0,75000.0,75800.0,74800.0,49415
2009-09-23,71600.0,73100.0,73100.0,70000.0,102826
2009-09-24,71600.0,71400.0,72400.0,71100.0,33861
2009-09-25,70800.0,70500.0,70900.0,70200.0,29317
2009-09-28,69900.0,70400.0,70700.0,69000.0,45125
2009-09-29,71000.0,70000.0,71200.0,70000.0,22081
2009-09-30,69300.0,71000.0,71800.0,69300.0,32704
2009-10-01,70100.0,69600.0,70200.0,69200.0,29218
2009-10-05,70100.0,69800.0,70600.0,69000.0,20090
2009-10-06,69500.0,70100.0,70200.0,69000.0,21590
2009-10-07,69800.0,69400.0,70400.0,69400.0,14628
2009-10-08,70200.0,69900.0,70200.0,69400.0,24965
2009-10-09,70900.0,70500.0,71000.0,69500.0,19587
2009-10-12,69900.0,71000.0,71100.0,69800.0,14208
2009-10-13,69400.0,69600.0,70200.0,69100.0,19415
2009-10-14,69700.0,69400.0,69800.0,69200.0,11573
2009-10-15,69300.0,69600.0,70000.0,69200.0,15105
2009-10-16,69100.0,69200.0,69800.0,69100.0,16256
2009-10-19,69500.0,69000.0,69600.0,68300.0,17681
2009-10-20,69700.0,69800.0,69800.0,69200.0,10560
2009-10-21,69600.0,69600.0,69700.0,69200.0,10441
2009-10-22,69200.0,69300.0,69500.0,68900.0,14782
2009-10-23,69000.0,69200.0,69500.0,69000.0,8320
2009-10-26,68600.0,69000.0,69300.0,68600.0,18394
2009-10-27,68700.0,68700.0,68700.0,67900.0,21584
2009-10-28,68900.0,69000.0,69000.0,67700.0,21344
2009-10-29,67400.0,68900.0,69000.0,67300.0,23441
2009-10-30,65300.0,67500.0,67500.0,64900.0,32394
2009-11-02,63300.0,63600.0,64500.0,63200.0,24694
2009-11-03,61400.0,63300.0,63500.0,61400.0,25840
2009-11-04,62600.0,61400.0,62600.0,61400.0,14986
2009-11-05,61200.0,62100.0,62200.0,61200.0,15351
2009-11-06,61500.0,61400.0,62200.0,61000.0,19175
2009-11-09,61000.0,62300.0,62300.0,61000.0,15537
2009-11-10,58200.0,61000.0,61300.0,58000.0,63720
2009-11-11,58100.0,58000.0,58800.0,57100.0,46708
2009-11-12,56100.0,58100.0,58800.0,56000.0,111562
2009-11-13,58700.0,55800.0,58700.0,54800.0,93670
2009-11-16,57900.0,58700.0,58700.0,57000.0,39229
2009-11-17,55800.0,56800.0,58000.0,55800.0,51200
2009-11-18,56500.0,55800.0,57900.0,55800.0,35618
2009-11-19,57600.0,56500.0,58900.0,56500.0,55967
2009-11-20,58600.0,57600.0,58700.0,57300.0,28555
2009-11-23,57800.0,58300.0,59100.0,57600.0,36238
2009-11-24,57600.0,58000.0,58100.0,56900.0,47776
2009-11-25,58100.0,57600.0,58500.0,56900.0,18128
2009-11-26,57200.0,58500.0,59200.0,57000.0,58660
2009-11-27,55300.0,56700.0,57200.0,55300.0,46245
2009-11-30,52200.0,55300.0,55300.0,51100.0,332808
2009-12-01,52800.0,52200.0,53300.0,51100.0,93334
2009-12-02,51700.0,52900.0,53600.0,51600.0,50820
2009-12-03,54100.0,52300.0,54200.0,52100.0,54961
2009-12-04,53600.0,54100.0,54800.0,53200.0,65273
2009-12-07,58500.0,53600.0,59200.0,53600.0,129981
2009-12-08,58200.0,59000.0,60600.0,57300.0,73117
2009-12-09,58700.0,57500.0,58700.0,57100.0,31559
2009-12-10,57600.0,58800.0,59000.0,56900.0,79752
2009-12-11,58200.0,58000.0,58600.0,57500.0,53805
2009-12-14,59900.0,58500.0,59900.0,57900.0,54325
2009-12-15,62200.0,60500.0,62700.0,60000.0,69756
2009-12-16,61400.0,62300.0,62600.0,60300.0,50035
2009-12-17,61200.0,62000.0,62200.0,61200.0,29135
2009-12-18,62500.0,62600.0,64300.0,62300.0,49507
2009-12-21,60900.0,62100.0,62500.0,60900.0,39812
2009-12-22,60200.0,61200.0,61700.0,59400.0,30245
2009-12-23,58400.0,59500.0,60500.0,58200.0,39448
2009-12-24,59100.0,58500.0,59900.0,58500.0,30159
2009-12-28,57400.0,58900.0,58900.0,56800.0,50182
2009-12-29,53700.0,57000.0,57400.0,53700.0,107004
2009-12-30,56700.0,50000.0,56800.0,47800.0,323843
2010-01-04,54500.0,54900.0,55300.0,53000.0,94273
2010-01-05,54400.0,53700.0,56200.0,53500.0,69631
2010-01-06,56400.0,54500.0,57100.0,54500.0,66323
2010-01-07,56600.0,55900.0,57800.0,55700.0,58849
2010-01-08,57600.0,56400.0,58000.0,56400.0,43091
2010-01-11,59400.0,57600.0,59900.0,57500.0,52354
2010-01-12,58400.0,59900.0,60000.0,58100.0,52992
2010-01-13,56700.0,58200.0,58600.0,56500.0,38583
2010-01-14,57900.0,56500.0,58400.0,56500.0,27056
2010-01-15,57800.0,58400.0,58700.0,57400.0,20946
2010-01-18,58800.0,57800.0,59000.0,57200.0,34274
2010-01-19,59000.0,58800.0,59400.0,58200.0,22077
2010-01-20,59000.0,59000.0,59300.0,57900.0,25612
2010-01-21,59500.0,59000.0,60500.0,58300.0,41571
2010-01-22,59000.0,59200.0,60500.0,58400.0,41735
2010-01-25,58500.0,59400.0,59400.0,58300.0,21486
2010-01-26,56600.0,58100.0,58600.0,56000.0,28824
2010-01-27,55300.0,56900.0,57000.0,53900.0,32148
2010-01-28,55300.0,54800.0,56200.0,53500.0,34115
2010-01-29,53800.0,55000.0,55200.0,53700.0,15061
2010-02-01,53300.0,53800.0,54400.0,52100.0,14788
2010-02-02,54000.0,53200.0,54800.0,52700.0,19490
2010-02-03,55300.0,53700.0,55300.0,53700.0,14532
2010-02-04,55000.0,55700.0,55700.0,54500.0,11030
2010-02-05,53500.0,53100.0,54200.0,53100.0,15687
2010-02-08,51700.0,53300.0,53300.0,51500.0,22767
2010-02-09,55000.0,51700.0,58100.0,51700.0,54922
2010-02-10,53600.0,55500.0,55800.0,52600.0,22107
2010-02-11,53400.0,53900.0,54200.0,53300.0,11379
2010-02-12,54000.0,53700.0,54700.0,53500.0,16804
2010-02-16,54300.0,54000.0,54700.0,53200.0,11327
2010-02-17,55400.0,54200.0,55500.0,54200.0,12210
2010-02-18,54800.0,55700.0,55800.0,54600.0,10189
2010-02-19,54500.0,54800.0,55300.0,54000.0,13880
2010-02-22,55200.0,54500.0,55900.0,54500.0,18974
2010-02-23,55800.0,55300.0,55800.0,55200.0,12149
2010-02-24,55600.0,55800.0,55800.0,55200.0,12621
2010-02-25,55300.0,55800.0,56200.0,55100.0,13837
2010-02-26,56100.0,55300.0,56800.0,55300.0,11038
2010-03-02,56800.0,57000.0,57000.0,55600.0,10520
2010-03-03,56900.0,56200.0,57200.0,56200.0,12871
2010-03-04,56400.0,56900.0,57900.0,55900.0,9287
2010-03-05,57400.0,56100.0,57500.0,56100.0,12662
2010-03-08,57600.0,58200.0,58200.0,57200.0,11935
2010-03-09,58000.0,57500.0,58000.0,57000.0,9925
2010-03-10,58800.0,58000.0,59100.0,58000.0,25183
2010-03-11,61900.0,59200.0,62200.0,58900.0,88326
2010-03-12,63200.0,61800.0,65300.0,61800.0,78312
2010-03-15,62900.0,63200.0,65300.0,62600.0,50759
2010-03-16,62700.0,63000.0,64300.0,61000.0,31482
2010-03-17,65300.0,62500.0,65300.0,62500.0,35410
2010-03-18,65000.0,64500.0,65900.0,64000.0,20343
2010-03-19,65600.0,65000.0,65700.0,64600.0,25914
2010-03-22,64800.0,65600.0,65600.0,63900.0,28979
2010-03-23,65500.0,65000.0,66500.0,64900.0,21080
2010-03-24,64800.0,65200.0,65500.0,64100.0,21308
2010-03-25,66900.0,64200.0,67700.0,64200.0,41370
2010-03-26,69400.0,67200.0,69600.0,67000.0,64309
2010-03-29,68000.0,68300.0,69300.0,68000.0,23893
2010-03-30,66800.0,68800.0,68800.0,66300.0,30260
2010-03-31,66100.0,67800.0,68000.0,64700.0,26505
2010-04-01,66200.0,66100.0,67100.0,64700.0,29954
2010-04-02,66000.0,66400.0,67300.0,65400.0,15710
2010-04-05,64600.0,66000.0,66000.0,64300.0,15966
2010-04-06,65300.0,64600.0,65300.0,62800.0,26407
2010-04-07,67100.0,65500.0,67500.0,64900.0,22948
2010-04-08,66900.0,67000.0,67300.0,66600.0,9809
2010-04-09,67200.0,66900.0,67200.0,65400.0,18005
2010-04-12,65400.0,67400.0,67400.0,65400.0,14225
2010-04-13,65400.0,65000.0,66000.0,64900.0,10655
2010-04-14,66800.0,65400.0,66800.0,65300.0,12293
2010-04-15,66200.0,66500.0,66700.0,65700.0,10141
2010-04-16,65700.0,66500.0,66500.0,64800.0,8535
2010-04-19,65500.0,65600.0,65600.0,64200.0,12660
2010-04-20,65400.0,64500.0,65600.0,64500.0,10456
2010-04-21,65200.0,65100.0,65300.0,64400.0,18746
2010-04-22,63900.0,65000.0,65000.0,63900.0,20107
2010-04-23,64200.0,63800.0,64300.0,63500.0,10044
2010-04-26,63900.0,63700.0,64200.0,63300.0,18559
2010-04-27,63500.0,63900.0,64300.0,63400.0,7881
2010-04-28,63000.0,63200.0,63200.0,62200.0,17034
2010-04-29,62900.0,62600.0,63400.0,62100.0,11803
2010-04-30,62400.0,62400.0,62800.0,62000.0,11160
2010-05-03,61200.0,62400.0,62600.0,60700.0,19742
2010-05-04,59800.0,61300.0,61300.0,59700.0,23666
2010-05-06,58500.0,58300.0,59500.0,57600.0,27553
2010-05-07,57900.0,57100.0,57900.0,55500.0,32151
2010-05-10,57200.0,57800.0,57900.0,56800.0,20292
2010-05-11,61200.0,58100.0,61400.0,57200.0,76210
2010-05-12,61000.0,60500.0,62200.0,59000.0,43502
2010-05-13,60400.0,60200.0,62000.0,59900.0,21367
2010-05-14,60500.0,60800.0,60800.0,59000.0,22186
2010-05-17,58000.0,59800.0,59800.0,55500.0,26354
2010-05-18,58100.0,57900.0,58100.0,56800.0,19985
2010-05-19,58200.0,57200.0,58200.0,56700.0,21372
2010-05-20,57300.0,57200.0,58200.0,56000.0,17135
2010-05-24,58000.0,56600.0,58000.0,56200.0,20171
2010-05-25,54000.0,57300.0,57300.0,53500.0,41985
2010-05-26,55500.0,53600.0,55600.0,53000.0,47954
2010-05-27,54800.0,55300.0,55900.0,53800.0,44010
2010-05-28,54500.0,55000.0,55700.0,54000.0,42374
2010-05-31,55500.0,54000.0,56300.0,54000.0,34188
2010-06-01,56000.0,55000.0,56000.0,54600.0,22225
2010-06-03,57400.0,55600.0,57400.0,55500.0,15962
2010-06-04,58000.0,57100.0,58000.0,56900.0,12430
2010-06-07,56900.0,57200.0,57700.0,56400.0,9558
2010-06-08,57600.0,56400.0,57900.0,56400.0,23789
2010-06-09,58200.0,57600.0,58400.0,57000.0,16642
2010-06-10,59400.0,58200.0,60500.0,57800.0,37890
2010-06-11,60500.0,60000.0,60500.0,59100.0,17179
2010-06-14,60400.0,60300.0,61200.0,60000.0,16127
2010-06-15,60300.0,60000.0,60600.0,59500.0,12347
2010-06-16,61800.0,60200.0,61900.0,60200.0,16631
2010-06-17,62200.0,61100.0,63200.0,61100.0,33409
2010-06-18,61600.0,62200.0,62300.0,61100.0,14360
2010-06-21,61200.0,61800.0,62600.0,60800.0,17166
2010-06-22,60900.0,60500.0,60900.0,60300.0,23712
2010-06-23,60000.0,61400.0,61400.0,59000.0,22062
2010-06-24,61000.0,59500.0,62300.0,59500.0,30319
2010-06-25,60800.0,60900.0,61200.0,60200.0,20777
2010-06-28,60500.0,61100.0,61100.0,60200.0,11624
2010-06-29,61100.0,61100.0,61500.0,60300.0,23808
2010-06-30,61000.0,59600.0,61000.0,59300.0,27025
2010-07-01,60600.0,60100.0,60800.0,58500.0,23770
2010-07-02,63100.0,60300.0,65000.0,59800.0,63322
2010-07-05,65400.0,63600.0,66300.0,62900.0,85759
2010-07-06,65000.0,65400.0,65500.0,63400.0,28468
2010-07-07,65600.0,65200.0,65700.0,63100.0,32096
2010-07-08,65500.0,66200.0,66600.0,64900.0,37749
2010-07-09,65700.0,66300.0,66300.0,64300.0,18951
2010-07-12,65300.0,65100.0,66000.0,63900.0,32439
2010-07-13,64400.0,65300.0,65900.0,63900.0,24500
2010-07-14,64900.0,64400.0,65700.0,64400.0,37506
2010-07-15,64800.0,64900.0,65200.0,64100.0,20512
2010-07-16,64800.0,64500.0,65400.0,64300.0,20669
2010-07-19,64300.0,64200.0,64700.0,63600.0,10869
2010-07-20,65100.0,64000.0,65900.0,63700.0,24266
2010-07-21,64000.0,65000.0,65500.0,63300.0,28498
2010-07-22,61700.0,63500.0,63900.0,61500.0,31191
2010-07-23,61000.0,61800.0,62300.0,60000.0,52932
2010-07-26,61500.0,62000.0,62000.0,61100.0,13839
2010-07-27,62400.0,61500.0,62500.0,61500.0,14232
2010-07-28,63000.0,62300.0,63100.0,61700.0,14735
2010-07-29,62900.0,63000.0,63000.0,61700.0,8430
2010-07-30,62900.0,62900.0,63300.0,62000.0,13865
2010-08-02,62900.0,62900.0,63300.0,62500.0,10202
2010-08-03,61600.0,62600.0,62700.0,61600.0,14242
2010-08-04,62600.0,62000.0,62800.0,61100.0,12895
2010-08-05,62500.0,62300.0,63000.0,62300.0,7173
2010-08-06,62400.0,62100.0,62900.0,61800.0,10149
2010-08-09,62300.0,62200.0,62500.0,61500.0,8117
2010-08-10,62800.0,61700.0,63000.0,61600.0,23839
2010-08-11,61700.0,62900.0,62900.0,61600.0,6522
2010-08-12,60600.0,61600.0,61600.0,60400.0,12551
2010-08-13,60600.0,60600.0,61300.0,59900.0,17938
2010-08-16,58800.0,60100.0,60100.0,58800.0,27030
2010-08-17,60700.0,58500.0,60900.0,58000.0,22391
2010-08-18,59900.0,60700.0,60800.0,59500.0,8886
2010-08-19,59800.0,60500.0,60500.0,59000.0,14876
2010-08-20,60000.0,59600.0,60300.0,59200.0,17087
2010-08-23,58900.0,60000.0,60800.0,58700.0,17740
2010-08-24,59700.0,59400.0,60400.0,58600.0,12162
2010-08-25,59900.0,59000.0,60300.0,58700.0,5949
2010-08-26,59000.0,59700.0,59700.0,58300.0,8340
2010-08-27,58200.0,59100.0,59300.0,57700.0,13975
2010-08-30,59000.0,59000.0,59300.0,58200.0,8096
2010-08-31,58700.0,58100.0,59000.0,58100.0,6217
2010-09-01,59400.0,59000.0,59800.0,57900.0,13611
2010-09-02,60000.0,58900.0,60300.0,58900.0,10023
2010-09-03,60200.0,60000.0,60500.0,59500.0,9381
2010-09-06,60100.0,59700.0,60800.0,59700.0,8594
2010-09-07,58600.0,60000.0,60200.0,58600.0,12534
2010-09-08,57800.0,58500.0,59000.0,57400.0,15223
2010-09-09,58900.0,57500.0,58900.0,57500.0,16920
2010-09-10,59000.0,58300.0,59500.0,58300.0,11027
2010-09-13,59400.0,58800.0,59900.0,58500.0,10424
2010-09-14,59800.0,59900.0,60000.0,59200.0,21703
2010-09-15,60400.0,59800.0,60900.0,59700.0,23946
2010-09-16,60500.0,61000.0,61000.0,59900.0,11972
2010-09-17,60100.0,60700.0,61000.0,60000.0,18618
2010-09-20,59500.0,59500.0,60900.0,58900.0,11399
2010-09-24,59800.0,59400.0,59800.0,58900.0,8546
2010-09-27,59100.0,59800.0,60000.0,58400.0,22979
2010-09-28,59100.0,59100.0,59700.0,59000.0,18605
2010-09-29,59500.0,59100.0,60000.0,59100.0,14017
2010-09-30,60100.0,60300.0,60300.0,59500.0,21198
2010-10-01,59800.0,60300.0,60300.0,59600.0,11528
2010-10-04,59800.0,59800.0,60100.0,59300.0,25566
2010-10-05,60400.0,60200.0,60500.0,59700.0,23872
2010-10-06,62800.0,60300.0,62800.0,60300.0,55126
2010-10-07,63600.0,63000.0,65000.0,62400.0,87995
2010-10-08,65200.0,64000.0,66600.0,64000.0,69753
2010-10-11,64800.0,65500.0,67500.0,64800.0,41607
2010-10-12,64700.0,64600.0,65400.0,63500.0,29370
2010-10-13,66300.0,64300.0,66300.0,64300.0,47426
2010-10-14,68600.0,66300.0,68700.0,65500.0,130757
2010-10-15,67600.0,68300.0,69000.0,67600.0,39180
2010-10-18,68300.0,68000.0,69000.0,65800.0,32545
2010-10-19,67900.0,68500.0,68900.0,67600.0,17706
2010-10-20,68300.0,67900.0,68600.0,66200.0,26838
2010-10-21,68300.0,68700.0,68800.0,67500.0,30657
2010-10-22,71700.0,68000.0,72300.0,68000.0,92314
2010-10-25,72600.0,72000.0,72600.0,71100.0,39335
2010-10-26,71000.0,72800.0,73000.0,71000.0,52163
2010-10-27,69800.0,71400.0,71400.0,69400.0,38478
2010-10-28,72000.0,69400.0,72100.0,69400.0,39090
2010-10-29,71200.0,72000.0,73500.0,70900.0,32126
2010-11-01,70600.0,71000.0,71400.0,69600.0,30056
2010-11-02,70500.0,70300.0,71700.0,69900.0,26963
2010-11-03,72600.0,70000.0,73000.0,70000.0,38089
2010-11-04,72500.0,72600.0,74000.0,71200.0,27035
2010-11-05,71200.0,72000.0,73400.0,71200.0,27419
2010-11-08,70400.0,70600.0,71200.0,69800.0,25459
2010-11-09,68100.0,69800.0,70100.0,67900.0,65667
2010-11-10,68700.0,68000.0,69400.0,67600.0,45727
2010-11-11,65800.0,69000.0,69500.0,65800.0,40808
2010-11-12,66100.0,68000.0,68000.0,65800.0,42741
2010-11-15,66300.0,66100.0,68100.0,66100.0,17974
2010-11-16,65000.0,66100.0,67400.0,64600.0,23235
2010-11-17,67100.0,64900.0,68200.0,64000.0,30513
2010-11-18,67200.0,66400.0,67800.0,66400.0,12967
2010-11-19,70000.0,68300.0,71100.0,67200.0,72623
2010-11-22,74100.0,70000.0,80000.0,70000.0,302699
2010-11-23,75200.0,75100.0,76400.0,74000.0,100511
2010-11-24,76800.0,73800.0,79000.0,72400.0,126232
2010-11-25,74000.0,78000.0,78400.0,73800.0,67762
2010-11-26,72500.0,74200.0,76400.0,72500.0,52763
2010-11-29,73700.0,72000.0,75300.0,72000.0,34258
2010-11-30,75700.0,73800.0,76500.0,73800.0,52965
2010-12-01,74800.0,75800.0,75800.0,74100.0,41706
2010-12-02,75700.0,75900.0,76500.0,74500.0,66029
2010-12-03,81700.0,76400.0,81700.0,76100.0,121370
2010-12-06,87700.0,84000.0,87800.0,83000.0,139631
2010-12-07,87400.0,86800.0,88000.0,85500.0,76626
2010-12-08,95000.0,87400.0,95000.0,86900.0,163323
2010-12-09,86600.0,94200.0,94700.0,86100.0,283848
2010-12-10,89800.0,86600.0,91500.0,86500.0,132697
2010-12-13,92100.0,90500.0,93400.0,90500.0,102184
2010-12-14,88400.0,91200.0,91500.0,87600.0,104915
2010-12-15,91400.0,89200.0,92100.0,88600.0,60722
2010-12-16,92800.0,91400.0,94500.0,89500.0,100994
2010-12-17,93700.0,99000.0,100500.0,92800.0,306523
2010-12-20,92100.0,94000.0,94000.0,90600.0,70200
2010-12-21,95400.0,96400.0,99000.0,93300.0,188706
2010-12-22,95600.0,95500.0,96600.0,94100.0,56095
2010-12-23,93200.0,95500.0,95800.0,92800.0,43662
2010-12-24,89800.0,93200.0,93500.0,89100.0,63469
2010-12-27,91600.0,89400.0,91900.0,88500.0,26277
2010-12-28,91100.0,91100.0,92100.0,90700.0,21826
2010-12-29,91500.0,91100.0,91900.0,90000.0,20914
2010-12-30,94200.0,93000.0,94800.0,91500.0,39972
2011-01-03,93600.0,95500.0,95600.0,93100.0,30436
2011-01-04,95600.0,96000.0,98400.0,95000.0,65408
2011-01-05,95000.0,95600.0,95700.0,93600.0,39214
2011-01-06,95400.0,95700.0,95700.0,94100.0,29128
2011-01-07,95800.0,96300.0,96400.0,95400.0,37814
2011-01-10,95700.0,95900.0,96000.0,94500.0,29728
2011-01-11,97100.0,96000.0,97800.0,95000.0,62717
2011-01-12,95000.0,96500.0,97100.0,94500.0,33737
2011-01-13,93000.0,94500.0,95000.0,92700.0,56011
2011-01-14,106500.0,98500.0,106500.0,97100.0,196456
2011-01-17,106500.0,121000.0,122000.0,106000.0,747440
2011-01-18,103000.0,106500.0,112000.0,102000.0,219515
2011-01-19,118000.0,105000.0,118000.0,101000.0,445585
2011-01-20,119500.0,122000.0,129000.0,117500.0,607473
2011-01-21,117000.0,119000.0,122500.0,113500.0,216886
2011-01-24,122500.0,117500.0,126000.0,115000.0,295599
2011-01-25,115000.0,124000.0,125000.0,115000.0,240195
2011-01-26,115000.0,118000.0,122000.0,114500.0,179298
2011-01-27,115000.0,117000.0,118500.0,115000.0,82463
2011-01-28,114000.0,115500.0,116000.0,112500.0,85349
2011-01-31,111000.0,113000.0,113000.0,110500.0,55151
2011-02-01,113500.0,111500.0,115500.0,109000.0,72578
2011-02-07,121000.0,116000.0,125000.0,115500.0,256408
2011-02-08,119000.0,118500.0,120500.0,117000.0,79859
2011-02-09,114500.0,119000.0,119000.0,114000.0,64114
2011-02-10,113500.0,112500.0,116500.0,112500.0,39238
2011-02-11,112500.0,114000.0,117000.0,111000.0,64538
2011-02-14,110000.0,112000.0,113000.0,109500.0,45530
2011-02-15,106000.0,110000.0,110500.0,105000.0,90731
2011-02-16,107500.0,106000.0,110000.0,104500.0,61815
2011-02-17,109000.0,107500.0,113500.0,107500.0,57076
2011-02-18,109000.0,109500.0,112000.0,108500.0,30263
2011-02-21,114500.0,113000.0,116000.0,112500.0,61543
2011-02-22,111500.0,114500.0,114500.0,110000.0,56511
2011-02-23,109000.0,110500.0,112500.0,109000.0,37750
2011-02-24,106000.0,108000.0,109500.0,105000.0,35406
2011-02-25,107000.0,106000.0,108500.0,106000.0,29152
2011-02-28,107500.0,108500.0,112000.0,106500.0,30074
2011-03-02,102500.0,106000.0,109500.0,102500.0,50846
2011-03-03,104500.0,102500.0,105500.0,99000.0,62870
2011-03-04,110500.0,109000.0,117500.0,108500.0,263312
2011-03-07,103000.0,107500.0,108000.0,103000.0,100724
2011-03-08,103000.0,103000.0,105000.0,100000.0,85676
2011-03-09,102500.0,104500.0,105000.0,101500.0,49029
2011-03-10,102500.0,102000.0,104000.0,101500.0,61086
2011-03-11,101000.0,100500.0,103000.0,100000.0,70897
2011-03-14,93900.0,98500.0,99500.0,90100.0,166238
2011-03-15,92700.0,91900.0,98700.0,90500.0,113522
2011-03-16,94000.0,92700.0,94800.0,92700.0,48233
2011-03-17,95500.0,92900.0,97100.0,92600.0,51627
2011-03-18,95400.0,96100.0,97500.0,95000.0,54171
2011-03-21,96800.0,95800.0,97500.0,95800.0,40560
2011-03-22,103500.0,97300.0,103500.0,97300.0,91240
2011-03-23,103000.0,104500.0,104500.0,102000.0,63943
2011-03-24,107000.0,102500.0,108500.0,101500.0,66669
2011-03-25,106500.0,108500.0,108500.0,105500.0,56513
2011-03-28,105000.0,107500.0,107500.0,105000.0,36131
2011-03-29,103000.0,105000.0,106000.0,101500.0,45798
2011-03-30,106500.0,104500.0,107000.0,104500.0,56574
2011-03-31,105000.0,106500.0,107500.0,105000.0,47816
2011-04-01,105500.0,105000.0,107000.0,105000.0,48722
2011-04-04,105000.0,106500.0,106500.0,105000.0,27254
2011-04-05,110000.0,106000.0,110000.0,105000.0,86803
2011-04-06,107000.0,110000.0,111000.0,107000.0,49985
2011-04-07,105000.0,106000.0,107500.0,105000.0,34260
2011-04-08,105000.0,105500.0,107500.0,105000.0,33681
2011-04-11,106000.0,107500.0,108000.0,105500.0,25392
2011-04-12,103500.0,105500.0,106000.0,103500.0,31083
2011-04-13,103500.0,104000.0,104500.0,101500.0,27555
2011-04-14,104000.0,102500.0,104000.0,101500.0,39712
2011-04-15,104000.0,102500.0,104500.0,102500.0,27076
2011-04-18,103500.0,104500.0,106000.0,102000.0,41396
2011-04-19,101000.0,102000.0,102500.0,100000.0,48688
2011-04-20,100500.0,102000.0,102000.0,100000.0,31178
2011-04-21,109000.0,101500.0,109000.0,101000.0,117118
2011-04-22,108500.0,109500.0,109500.0,105000.0,50549
2011-04-25,107000.0,108500.0,109000.0,106000.0,23578
2011-04-26,106500.0,106500.0,108000.0,106000.0,39581
2011-04-27,110000.0,108000.0,114500.0,108000.0,116701
2011-04-28,105000.0,110500.0,112000.0,102000.0,135374
2011-04-29,105500.0,104000.0,105500.0,101500.0,54960
2011-05-02,103000.0,105500.0,107000.0,102500.0,51251
2011-05-03,103000.0,102500.0,104000.0,102500.0,23215
2011-05-04,104500.0,103000.0,105000.0,102500.0,21053
2011-05-06,102500.0,103000.0,104500.0,102000.0,20934
2011-05-09,100000.0,102000.0,102500.0,99100.0,33424
2011-05-11,97300.0,98100.0,102500.0,95900.0,86188
2011-05-12,98100.0,97400.0,98900.0,96000.0,53643
2011-05-13,98900.0,97200.0,102500.0,97000.0,54578
2011-05-16,98800.0,99000.0,99500.0,97500.0,25281
2011-05-17,95000.0,98000.0,99500.0,95000.0,35156
2011-05-18,95600.0,94500.0,96900.0,94500.0,23664
2011-05-19,92000.0,95700.0,95700.0,90700.0,43992
2011-05-20,93200.0,93000.0,93300.0,90500.0,28552
2011-05-23,89300.0,91800.0,92700.0,89300.0,35839
2011-05-24,91000.0,88100.0,91700.0,88000.0,26735
2011-05-25,89100.0,91000.0,91500.0,88600.0,21720
2011-05-26,90500.0,89700.0,90700.0,89100.0,21695
2011-05-27,88100.0,89600.0,90400.0,88000.0,29212
2011-05-30,88000.0,88100.0,89100.0,87200.0,17340
2011-05-31,93400.0,88000.0,93400.0,88000.0,33324
2011-06-01,95900.0,92400.0,96700.0,92400.0,37954
2011-06-02,101000.0,95000.0,103000.0,93700.0,86895
2011-06-03,109000.0,101000.0,109000.0,101000.0,112542
2011-06-07,109000.0,108500.0,110000.0,104000.0,80461
2011-06-08,110000.0,110500.0,110500.0,107500.0,56562
2011-06-09,119000.0,109000.0,119500.0,108000.0,192545
2011-06-10,118500.0,118500.0,118500.0,113500.0,120887
2011-06-13,115500.0,116000.0,119000.0,114000.0,76455
2011-06-14,112500.0,117000.0,118000.0,112500.0,44135
2011-06-15,116000.0,115000.0,118000.0,113500.0,43455
2011-06-16,114500.0,115000.0,118000.0,114500.0,29901
2011-06-17,115000.0,115000.0,117000.0,113500.0,36789
2011-06-20,114500.0,115000.0,118000.0,114000.0,26282
2011-06-21,116000.0,115500.0,116500.0,114500.0,21245
2011-06-22,117000.0,118000.0,118000.0,115500.0,27480
2011-06-23,134500.0,129000.0,134500.0,124000.0,357537
2011-06-24,137000.0,145000.0,152500.0,134500.0,773450
2011-06-27,130500.0,140000.0,147000.0,130500.0,314016
2011-06-28,111000.0,136000.0,136000.0,111000.0,980033
2011-06-29,104500.0,103500.0,108500.0,102000.0,647316
2011-06-30,108000.0,106000.0,111000.0,105500.0,350218
2011-07-01,105500.0,109000.0,110500.0,105000.0,184887
2011-07-04,104000.0,105500.0,106000.0,102500.0,156640
2011-07-05,106000.0,105000.0,108000.0,104500.0,151434
2011-07-06,106000.0,106000.0,109000.0,104500.0,123616
2011-07-07,106000.0,106500.0,107500.0,105000.0,82926
2011-07-08,104500.0,107000.0,107000.0,104500.0,69176
2011-07-11,104000.0,104500.0,106000.0,104000.0,50921
2011-07-12,102500.0,103500.0,105000.0,102500.0,67063
2011-07-13,100000.0,103500.0,103500.0,99300.0,110476
2011-07-14,98100.0,100000.0,100000.0,97000.0,85032
2011-07-15,104000.0,97200.0,104000.0,97200.0,81687
2011-07-18,102500.0,105000.0,105000.0,102000.0,39545
2011-07-19,105500.0,102500.0,105500.0,102000.0,57108
2011-07-20,104000.0,106500.0,107000.0,103000.0,58607
2011-07-21,102500.0,103500.0,105000.0,102500.0,27275
2011-07-22,103000.0,103000.0,105000.0,102500.0,49165
2011-07-25,103000.0,103000.0,105500.0,102500.0,39419
2011-07-26,104000.0,104000.0,105500.0,103500.0,42805
2011-07-27,102000.0,104000.0,104000.0,100500.0,51486
2011-07-28,103500.0,101000.0,103500.0,100000.0,34996
2011-07-29,101000.0,103500.0,104000.0,101000.0,25543
2011-08-01,102500.0,101000.0,103500.0,101000.0,33086
2011-08-02,101500.0,102000.0,102500.0,100500.0,31677
2011-08-03,98200.0,100000.0,100500.0,98100.0,49567
2011-08-04,95600.0,98500.0,98600.0,95600.0,51009
2011-08-05,88700.0,90400.0,91900.0,88700.0,71147
2011-08-08,81100.0,85700.0,88500.0,78500.0,84901
2011-08-09,75000.0,75400.0,77000.0,70200.0,147720
2011-08-10,75500.0,78800.0,79900.0,75200.0,118184
2011-08-11,81400.0,71600.0,84400.0,71500.0,94251
2011-08-12,92000.0,85000.0,93300.0,83600.0,218783
2011-08-16,93900.0,93300.0,94800.0,90400.0,90000
2011-08-17,103000.0,93700.0,103000.0,93000.0,182042
2011-08-18,101500.0,104000.0,105500.0,101000.0,112687
2011-08-19,95000.0,99000.0,99500.0,94000.0,73375
2011-08-22,85800.0,94600.0,98800.0,85000.0,156690
2011-08-23,85500.0,86600.0,88000.0,83100.0,117338
2011-08-24,85500.0,86600.0,86700.0,83000.0,77915
2011-08-25,85500.0,85500.0,88200.0,84400.0,61267
2011-08-26,83100.0,84700.0,86000.0,83100.0,42482
2011-08-29,85100.0,83700.0,86000.0,83600.0,39908
2011-08-30,86700.0,86200.0,88500.0,85900.0,84729
2011-08-31,88100.0,87900.0,88800.0,87000.0,63925
2011-09-01,89400.0,89400.0,94000.0,88600.0,97834
2011-09-02,89500.0,89500.0,89800.0,87400.0,46794
2011-09-05,85300.0,87600.0,87600.0,85300.0,36523
2011-09-06,82600.0,82200.0,84800.0,82200.0,36114
2011-09-07,85000.0,83900.0,86900.0,83900.0,24307
2011-09-08,86500.0,87500.0,87500.0,84000.0,33944
2011-09-09,83500.0,85100.0,86000.0,83500.0,27244
2011-09-14,78700.0,83500.0,83500.0,77900.0,43911
2011-09-15,79300.0,81200.0,81400.0,78400.0,37322
2011-09-16,85000.0,80200.0,85000.0,80200.0,53315
2011-09-19,82500.0,83200.0,83900.0,82300.0,20088
2011-09-20,81300.0,81000.0,83600.0,80700.0,27405
2011-09-21,81200.0,81600.0,82600.0,80900.0,41421
2011-09-22,77400.0,80000.0,80000.0,77100.0,61639
2011-09-23,71000.0,73400.0,74500.0,70700.0,78783
2011-09-26,67600.0,70000.0,74000.0,67000.0,57754
2011-09-27,69300.0,69900.0,70600.0,68100.0,51384
2011-09-28,67000.0,70300.0,72000.0,67000.0,54889
2011-09-29,66300.0,65600.0,67300.0,64500.0,77260
2011-09-30,66700.0,66400.0,68400.0,66400.0,61816
2011-10-04,62100.0,62900.0,63500.0,61400.0,48215
2011-10-05,62500.0,62500.0,63300.0,61400.0,42999
2011-10-06,64500.0,63500.0,66400.0,63400.0,48164
2011-10-07,65600.0,66000.0,66900.0,65300.0,41814
2011-10-10,68900.0,65300.0,69500.0,65300.0,43955
2011-10-11,74000.0,70500.0,74600.0,70200.0,75561
2011-10-12,74600.0,72900.0,75900.0,71800.0,39237
2011-10-13,78600.0,76400.0,81500.0,75700.0,76674
2011-10-14,80600.0,77500.0,81000.0,76700.0,35698
2011-10-17,81400.0,81200.0,83200.0,79700.0,33540
2011-10-18,79600.0,78500.0,80500.0,78500.0,26818
2011-10-19,80400.0,80100.0,80500.0,77800.0,28041
2011-10-20,75000.0,81300.0,81600.0,75000.0,26754
2011-10-21,74900.0,76400.0,78200.0,74800.0,41116
2011-10-24,78000.0,76500.0,78500.0,75800.0,34083
2011-10-25,76700.0,78200.0,78900.0,76700.0,24293
2011-10-26,76100.0,76100.0,76700.0,75300.0,24525
2011-10-27,77900.0,76700.0,78100.0,76600.0,32543
2011-10-28,78500.0,80100.0,82500.0,78100.0,59353
2011-10-31,76700.0,78400.0,79700.0,76700.0,33584
2011-11-01,74900.0,75500.0,77300.0,74900.0,35175
2011-11-02,75500.0,73500.0,76800.0,72500.0,38345
2011-11-03,72700.0,75600.0,76300.0,72500.0,49922
2011-11-04,75300.0,74500.0,76900.0,73800.0,45723
2011-11-07,75500.0,76000.0,77700.0,74200.0,48402
2011-11-08,75200.0,76800.0,76800.0,75000.0,16182
2011-11-09,79000.0,75500.0,79000.0,75300.0,62375
2011-11-10,76900.0,77900.0,82600.0,76900.0,103419
2011-11-11,79500.0,78200.0,79500.0,77100.0,49598
2011-11-14,78600.0,79900.0,81000.0,78500.0,38509
2011-11-15,76900.0,78600.0,78600.0,76300.0,36321
2011-11-16,73800.0,77700.0,77700.0,73500.0,65203
2011-11-17,74500.0,73900.0,74600.0,72100.0,29344
2011-11-18,71900.0,72500.0,73500.0,71200.0,45104
2011-11-21,71300.0,72100.0,72100.0,69800.0,32713
2011-11-22,70200.0,69500.0,70700.0,69500.0,20949
2011-11-23,69600.0,70600.0,70600.0,68300.0,38935
2011-11-24,68500.0,70200.0,70300.0,68500.0,25288
2011-11-25,69600.0,69400.0,69900.0,68200.0,25181
2011-11-28,71000.0,70600.0,71100.0,70100.0,18668
2011-11-29,71400.0,71500.0,72000.0,70600.0,36431
2011-11-30,71100.0,71400.0,71400.0,69800.0,26199
2011-12-01,73500.0,72300.0,73900.0,72000.0,58103
2011-12-02,76200.0,73500.0,76500.0,73500.0,49423
2011-12-05,74900.0,76500.0,76500.0,74000.0,29790
2011-12-06,73900.0,74200.0,74500.0,72200.0,30712
2011-12-07,76400.0,74400.0,76400.0,73600.0,36541
2011-12-08,76300.0,76400.0,76800.0,74800.0,31396
2011-12-09,73500.0,75700.0,75900.0,73500.0,22095
2011-12-12,75800.0,74900.0,75800.0,73800.0,14268
2011-12-13,73700.0,75000.0,75000.0,73600.0,16227
2011-12-14,75000.0,73200.0,75600.0,73200.0,16830
2011-12-15,73800.0,74600.0,74600.0,73500.0,17317
2011-12-16,72900.0,74100.0,74700.0,72800.0,16762
2011-12-19,69800.0,73100.0,73400.0,66800.0,36303
2011-12-20,71500.0,71400.0,71500.0,69300.0,12061
2011-12-21,71100.0,72600.0,73500.0,71100.0,18112
2011-12-22,71400.0,71200.0,73000.0,71200.0,13390
2011-12-23,75000.0,72300.0,75100.0,72000.0,36660
2011-12-26,74400.0,75800.0,76000.0,73000.0,12908
2011-12-27,75300.0,74200.0,76700.0,73000.0,28650
2011-12-28,76200.0,74800.0,77000.0,74800.0,26963
2011-12-29,75000.0,76100.0,76900.0,74400.0,19142
2012-01-02,74200.0,75100.0,76000.0,73100.0,17496
2012-01-03,80400.0,74700.0,82300.0,74700.0,98417
2012-01-04,80800.0,81600.0,82400.0,80800.0,46189
2012-01-05,83700.0,80100.0,85700.0,80100.0,72500
2012-01-06,84400.0,84400.0,87000.0,83000.0,48835
2012-01-09,84900.0,85800.0,85800.0,82100.0,42799
2012-01-10,91100.0,86000.0,91300.0,85300.0,97868
2012-01-11,87700.0,91500.0,92500.0,86800.0,59366
2012-01-12,87900.0,88000.0,88000.0,85800.0,26035
2012-01-13,87700.0,86600.0,89900.0,86600.0,23767
2012-01-16,85900.0,86000.0,86900.0,84700.0,32890
2012-01-17,88000.0,87100.0,89200.0,86100.0,41174
2012-01-18,87500.0,87300.0,89000.0,86500.0,20997
2012-01-19,89000.0,87500.0,89400.0,86500.0,36662
2012-01-20,90000.0,88000.0,90000.0,88000.0,32446
2012-01-25,88900.0,88000.0,91000.0,87500.0,43255
2012-01-26,88300.0,88300.0,90000.0,87600.0,29828
2012-01-27,90400.0,87700.0,90900.0,87600.0,25535
2012-01-30,88700.0,89700.0,89900.0,87900.0,17699
2012-01-31,88900.0,89200.0,90500.0,88500.0,31811
2012-02-01,90200.0,88000.0,90900.0,88000.0,32078
2012-02-02,91500.0,90200.0,93400.0,90200.0,55739
2012-02-03,91200.0,91100.0,93300.0,90600.0,24888
2012-02-06,90000.0,91200.0,91500.0,88000.0,32206
2012-02-07,87400.0,89100.0,91500.0,85900.0,51693
2012-02-08,87100.0,87200.0,88400.0,86300.0,24925
2012-02-09,86300.0,87200.0,87400.0,85700.0,31737
2012-02-10,85700.0,85600.0,87000.0,84300.0,32357
2012-02-13,85600.0,85700.0,87000.0,85100.0,27952
2012-02-14,85000.0,86000.0,86100.0,85000.0,28773
2012-02-15,85400.0,85200.0,86300.0,85200.0,26789
2012-02-16,85400.0,85400.0,86100.0,84500.0,28843
2012-02-17,85400.0,84800.0,85900.0,84800.0,29082
2012-02-20,86400.0,85300.0,86400.0,85200.0,27269
2012-02-21,87200.0,85900.0,87400.0,85900.0,22821
2012-02-22,82900.0,85100.0,85100.0,82000.0,55035
2012-02-23,80200.0,82000.0,82800.0,80000.0,41399
2012-02-24,80900.0,81200.0,81900.0,80900.0,28349
2012-02-27,83500.0,83700.0,83800.0,81500.0,33145
2012-02-28,82900.0,82100.0,84200.0,81900.0,29683
2012-02-29,82000.0,82100.0,84600.0,82000.0,22957
2012-03-02,84300.0,82100.0,85400.0,82000.0,19336
2012-03-05,84000.0,83200.0,84900.0,82900.0,18815
2012-03-06,81800.0,84000.0,84700.0,81800.0,18581
2012-03-07,81200.0,81600.0,82700.0,80500.0,12771
2012-03-08,81400.0,81400.0,82200.0,80600.0,26274
2012-03-09,82200.0,81400.0,83300.0,81000.0,13458
2012-03-12,82600.0,81900.0,83100.0,81500.0,16091
2012-03-13,82200.0,83000.0,83900.0,82200.0,17408
2012-03-14,82500.0,82600.0,83600.0,81900.0,29762
2012-03-15,87000.0,82500.0,87600.0,82200.0,54170
2012-03-16,87600.0,87000.0,87600.0,85200.0,34530
2012-03-19,87200.0,87800.0,88900.0,86400.0,24649
2012-03-20,86600.0,87400.0,87400.0,84100.0,30171
2012-03-21,86300.0,85700.0,86500.0,84500.0,17585
2012-03-22,86400.0,85800.0,86400.0,85100.0,12801
2012-03-23,85000.0,86700.0,86700.0,84700.0,15413
2012-03-26,84800.0,84700.0,86400.0,83400.0,18817
2012-03-27,84700.0,85800.0,86100.0,84200.0,21091
2012-03-28,82500.0,84500.0,84900.0,82400.0,21662
2012-03-29,81000.0,81600.0,83400.0,80600.0,36136
2012-03-30,80000.0,81500.0,81800.0,80000.0,29039
2012-04-02,80400.0,80000.0,81000.0,80000.0,21889
2012-04-03,78100.0,80100.0,80900.0,78100.0,49661
2012-04-04,78500.0,78600.0,79200.0,77900.0,23574
2012-04-05,76800.0,78500.0,78900.0,76800.0,25596
2012-04-06,77000.0,77300.0,78200.0,75800.0,16586
2012-04-09,74600.0,78000.0,78000.0,74300.0,31296
2012-04-10,73300.0,74900.0,75300.0,73200.0,18330
2012-04-12,75300.0,72100.0,75300.0,72100.0,25466
2012-04-13,75400.0,75300.0,76700.0,74500.0,16379
2012-04-16,74000.0,75400.0,75400.0,73400.0,13826
2012-04-17,74900.0,75000.0,75000.0,73800.0,10668
2012-04-18,75800.0,74700.0,76500.0,74700.0,11578
2012-04-19,76400.0,75100.0,76900.0,75100.0,12087
2012-04-20,76300.0,75400.0,76300.0,75100.0,15340
2012-04-23,76300.0,76600.0,76700.0,75200.0,12702
2012-04-24,74200.0,76200.0,76200.0,74200.0,21827
2012-04-25,77800.0,75200.0,77800.0,73600.0,25849
2012-04-26,77800.0,77500.0,78400.0,75000.0,19262
2012-04-27,78000.0,77100.0,78500.0,75900.0,19828
2012-04-30,78100.0,79000.0,79100.0,77500.0,14964
2012-05-02,77300.0,76800.0,78500.0,76800.0,12918
2012-05-03,78200.0,77300.0,78800.0,77300.0,14732
2012-05-04,77300.0,78900.0,78900.0,77200.0,9030
2012-05-07,74000.0,76600.0,76600.0,74000.0,28884
2012-05-08,74500.0,73900.0,75100.0,73800.0,15969
2012-05-09,74300.0,74500.0,75000.0,73000.0,16219
2012-05-10,73100.0,74400.0,74400.0,73100.0,14049
2012-05-11,73000.0,73600.0,73600.0,72600.0,22201
2012-05-14,71600.0,72600.0,73500.0,71600.0,22873
2012-05-15,70900.0,72000.0,73000.0,70900.0,15389
2012-05-16,69400.0,71300.0,71300.0,68000.0,26942
2012-05-17,68000.0,69100.0,69500.0,67700.0,25351
2012-05-18,66200.0,67000.0,67500.0,65800.0,34848
2012-05-21,65100.0,65100.0,66700.0,65100.0,15984
2012-05-22,65300.0,65200.0,66800.0,64000.0,61826
2012-05-23,63200.0,65300.0,65300.0,63200.0,28201
2012-05-24,62800.0,62700.0,63600.0,62300.0,32731
2012-05-25,62500.0,62100.0,63400.0,62100.0,36395
2012-05-29,65300.0,62700.0,65700.0,62600.0,45218
2012-05-30,66000.0,66500.0,66800.0,65300.0,38140
2012-05-31,62500.0,65000.0,65200.0,62500.0,83985
2012-06-01,66400.0,63000.0,66400.0,62500.0,57155
2012-06-04,65600.0,64700.0,66000.0,64300.0,37597
2012-06-05,66100.0,66300.0,66600.0,65100.0,26466
2012-06-07,67700.0,66800.0,68900.0,66300.0,29600
2012-06-08,67600.0,67100.0,68200.0,67100.0,21904
2012-06-11,67900.0,67800.0,70600.0,67400.0,33376
2012-06-12,66900.0,67100.0,68500.0,66400.0,31037
2012-06-13,65900.0,67400.0,67900.0,65800.0,26356
2012-06-14,64700.0,65300.0,66900.0,64700.0,69395
2012-06-15,65500.0,65700.0,67700.0,65000.0,54289
2012-06-18,70500.0,66700.0,71000.0,66300.0,63648
2012-06-19,70800.0,71000.0,71600.0,69500.0,38096
2012-06-20,71700.0,70900.0,73100.0,70900.0,30016
2012-06-21,72800.0,71900.0,72900.0,71500.0,23579
2012-06-22,71400.0,72500.0,72500.0,70800.0,26467
2012-06-25,70900.0,71000.0,71500.0,70000.0,24116
2012-06-26,74400.0,69800.0,74600.0,69800.0,57244
2012-06-27,74400.0,74500.0,76500.0,73400.0,61482
2012-06-28,76000.0,75400.0,76400.0,74400.0,40494
2012-06-29,78100.0,75600.0,78400.0,74900.0,57523
2012-07-02,78300.0,78100.0,78600.0,76700.0,24129
2012-07-03,78700.0,79500.0,79600.0,78400.0,28813
2012-07-04,80900.0,79500.0,81000.0,78700.0,39902
2012-07-05,83700.0,81200.0,84200.0,80400.0,51801
2012-07-06,83200.0,84000.0,84000.0,82000.0,27266
2012-07-09,82500.0,83200.0,83200.0,81300.0,20342
2012-07-10,83000.0,82000.0,84000.0,81700.0,23161
2012-07-11,84000.0,83900.0,84000.0,82400.0,20733
2012-07-12,79100.0,84800.0,84800.0,79100.0,35479
2012-07-13,81700.0,80800.0,82700.0,80100.0,47276
2012-07-16,84100.0,81700.0,84500.0,80300.0,27473
2012-07-17,83900.0,84100.0,85300.0,83000.0,30698
2012-07-18,82400.0,83500.0,84500.0,82200.0,13554
2012-07-19,83200.0,84300.0,84700.0,82700.0,18506
2012-07-20,82100.0,84500.0,84500.0,82100.0,12934
2012-07-23,80100.0,81300.0,81900.0,80000.0,16458
2012-07-24,84400.0,78900.0,84400.0,78900.0,27588
2012-07-25,82100.0,83000.0,84400.0,81100.0,16297
2012-07-26,82000.0,82300.0,83500.0,81700.0,16041
2012-07-27,84000.0,84000.0,84600.0,82400.0,32390
2012-07-30,83700.0,84000.0,84200.0,83000.0,13862
2012-07-31,85000.0,84600.0,85900.0,82500.0,38217
2012-08-01,85000.0,85900.0,85900.0,84500.0,15513
2012-08-02,84800.0,85900.0,85900.0,84000.0,13044
2012-08-03,83800.0,85200.0,85200.0,83800.0,11787
2012-08-06,83800.0,84600.0,85800.0,83300.0,17515
2012-08-07,85700.0,83500.0,85700.0,83500.0,30805
2012-08-08,86600.0,86900.0,89000.0,86100.0,51679
2012-08-09,91000.0,87800.0,91400.0,86400.0,66668
2012-08-10,90000.0,91700.0,91700.0,89500.0,79468
2012-08-13,88000.0,89000.0,90700.0,88000.0,21584
2012-08-14,89000.0,89100.0,90800.0,88900.0,29355
2012-08-16,94000.0,88200.0,94000.0,88200.0,38961
2012-08-17,93900.0,94100.0,94700.0,93100.0,27598
2012-08-20,93800.0,93900.0,94100.0,92500.0,17984
2012-08-21,91400.0,94500.0,94600.0,91300.0,36604
2012-08-22,91900.0,91600.0,92400.0,90800.0,31324
2012-08-23,92000.0,92400.0,93000.0,91200.0,20166
2012-08-24,91900.0,91500.0,92400.0,90500.0,19788
2012-08-27,92200.0,92800.0,93500.0,91100.0,37180
2012-08-28,92100.0,91500.0,92700.0,90700.0,23374
2012-08-29,91300.0,92100.0,93200.0,91300.0,20339
2012-08-30,91900.0,92100.0,92600.0,90900.0,37115
2012-08-31,93500.0,90500.0,94400.0,90500.0,43823
2012-09-03,92000.0,93000.0,93600.0,89100.0,29579
2012-09-04,91800.0,92300.0,93000.0,91600.0,17470
2012-09-05,89500.0,90600.0,91900.0,89500.0,21274
2012-09-06,90300.0,90300.0,92500.0,89700.0,19151
2012-09-07,91500.0,90700.0,92800.0,90700.0,18006
2012-09-10,91000.0,92900.0,92900.0,90800.0,10727
2012-09-11,90000.0,90600.0,91500.0,90000.0,12732
2012-09-12,92400.0,90100.0,93400.0,90100.0,17040
2012-09-13,92800.0,91500.0,93000.0,91500.0,24432
2012-09-14,91900.0,94000.0,94100.0,91300.0,33801
2012-09-17,90900.0,90500.0,91900.0,89900.0,30114
2012-09-18,91000.0,91500.0,92000.0,90600.0,12313
2012-09-19,91100.0,91500.0,92100.0,90800.0,34276
2012-09-20,90700.0,91100.0,91200.0,89900.0,26669
2012-09-21,91800.0,91500.0,92000.0,90600.0,35074
2012-09-24,96300.0,92900.0,97900.0,92600.0,137301
2012-09-25,94700.0,97200.0,97200.0,93900.0,75994
2012-09-26,93700.0,95400.0,96000.0,93700.0,65604
2012-09-27,94800.0,93700.0,95600.0,93700.0,56218
2012-09-28,96900.0,94000.0,97300.0,93100.0,1434798
2012-10-02,97000.0,94300.0,97000.0,94300.0,86944
2012-10-04,104500.0,97000.0,104500.0,97000.0,189726
2012-10-05,108000.0,104500.0,109000.0,104500.0,140259
2012-10-08,108000.0,109500.0,110500.0,104500.0,94274
2012-10-09,105500.0,107500.0,110500.0,105000.0,101342
2012-10-10,108500.0,105500.0,110000.0,103500.0,54581
2012-10-11,106500.0,108500.0,109000.0,103000.0,106964
2012-10-12,108000.0,107500.0,109000.0,104000.0,115167
2012-10-15,107500.0,107000.0,111000.0,106000.0,54973
2012-10-16,112000.0,110500.0,112000.0,108500.0,77532
2012-10-17,112000.0,114500.0,116500.0,112000.0,74698
2012-10-18,110000.0,113500.0,114500.0,104000.0,91064
2012-10-19,114000.0,111500.0,114500.0,107000.0,51078
2012-10-22,120000.0,112000.0,120000.0,110500.0,96714
2012-10-23,115500.0,119500.0,120000.0,115000.0,77154
2012-10-24,116500.0,116500.0,118500.0,113000.0,58515
2012-10-25,111500.0,115500.0,118000.0,111000.0,49500
2012-10-26,111000.0,113000.0,113000.0,109000.0,44938
2012-10-29,114000.0,109000.0,115000.0,109000.0,55312
2012-10-30,115000.0,116500.0,117500.0,114000.0,52413
2012-10-31,113500.0,116000.0,118000.0,112500.0,31415
2012-11-01,118000.0,112000.0,118000.0,111500.0,48455
2012-11-02,118500.0,120000.0,120500.0,116000.0,87226
2012-11-05,120000.0,117500.0,120500.0,116500.0,43497
2012-11-06,121000.0,119000.0,121000.0,117500.0,39542
2012-11-07,115500.0,120000.0,120000.0,115500.0,42685
2012-11-08,117500.0,114000.0,118000.0,108000.0,96254
2012-11-09,117500.0,115000.0,118500.0,113500.0,69249
2012-11-12,120000.0,117500.0,121000.0,115500.0,50006
2012-11-13,120000.0,122000.0,122000.0,116500.0,37129
2012-11-14,117000.0,120000.0,120000.0,116000.0,30057
2012-11-15,114500.0,116000.0,117000.0,111500.0,64676
2012-11-16,111500.0,115000.0,116500.0,111500.0,39373
2012-11-19,113500.0,112500.0,115000.0,112000.0,23764
2012-11-20,111000.0,113500.0,115000.0,108000.0,60042
2012-11-21,110500.0,112000.0,112000.0,108000.0,41746
2012-11-22,112500.0,112000.0,114500.0,110500.0,39148
2012-11-23,113000.0,111500.0,115000.0,111500.0,24681
2012-11-26,110500.0,113000.0,113500.0,110000.0,18791
2012-11-27,107500.0,111500.0,112000.0,105000.0,49075
2012-11-28,106000.0,107500.0,109000.0,105500.0,21077
2012-11-29,106000.0,106500.0,107500.0,105000.0,30744
2012-11-30,111000.0,105000.0,111000.0,105000.0,45881
2012-12-03,116000.0,111000.0,117000.0,110500.0,85195
2012-12-04,108500.0,114500.0,116000.0,108500.0,76608
2012-12-05,110500.0,108000.0,112500.0,108000.0,628090
2012-12-06,107500.0,112000.0,112000.0,107000.0,91876
2012-12-07,106500.0,107500.0,110000.0,105500.0,39053
2012-12-10,102000.0,106000.0,108000.0,100500.0,86683
2012-12-11,97500.0,101500.0,104000.0,97500.0,113543
2012-12-12,98000.0,98000.0,99500.0,95100.0,50017
2012-12-13,98900.0,98000.0,99400.0,96500.0,88239
2012-12-14,97500.0,98200.0,99400.0,97200.0,69186
2012-12-17,100500.0,98400.0,102500.0,98400.0,137027
2012-12-18,98400.0,101000.0,101000.0,97100.0,95438
2012-12-20,96100.0,96500.0,98300.0,96000.0,74692
2012-12-21,96400.0,96700.0,99200.0,95600.0,98908
2012-12-24,97500.0,97500.0,100000.0,97100.0,67958
2012-12-26,100000.0,99300.0,102000.0,99300.0,63050
2012-12-27,102000.0,100500.0,104500.0,99000.0,71364
2012-12-28,100500.0,101500.0,104500.0,100500.0,43217
2013-01-02,103500.0,102000.0,105500.0,102000.0,48853
2013-01-03,102000.0,103500.0,105000.0,100500.0,61804
2013-01-04,107500.0,102000.0,108000.0,101500.0,57445
2013-01-07,107500.0,107500.0,108500.0,103500.0,86294
2013-01-08,113000.0,112000.0,115500.0,109500.0,202926
2013-01-09,113500.0,113000.0,114000.0,111500.0,60625
2013-01-10,115000.0,112000.0,118000.0,111000.0,74597
2013-01-11,116000.0,115000.0,117500.0,112500.0,46729
2013-01-14,118000.0,117000.0,121500.0,115000.0,101496
2013-01-15,115000.0,118000.0,119000.0,112500.0,64215
2013-01-16,113500.0,116000.0,116000.0,112000.0,47720
2013-01-17,117500.0,113500.0,117500.0,113000.0,45710
2013-01-18,116000.0,119000.0,119000.0,114000.0,59720
2013-01-21,121500.0,120000.0,122500.0,118500.0,149235
2013-01-22,124500.0,122000.0,126000.0,121500.0,84943
2013-01-23,123500.0,124500.0,126500.0,121500.0,60517
2013-01-24,120000.0,122500.0,123500.0,118500.0,58209
2013-01-25,116000.0,120000.0,121500.0,115500.0,68968
2013-01-28,118500.0,116500.0,120500.0,116500.0,43797
2013-01-29,117500.0,118500.0,120000.0,117000.0,29742
2013-01-30,121000.0,120000.0,122000.0,119000.0,49021
2013-01-31,120000.0,122000.0,123500.0,118000.0,59253
2013-02-01,123500.0,120000.0,126000.0,119000.0,63291
2013-02-04,119000.0,124500.0,124500.0,119000.0,61209
2013-02-05,116000.0,118500.0,119000.0,114500.0,69432
2013-02-06,115000.0,117000.0,119500.0,115000.0,33790
2013-02-07,115000.0,115000.0,118500.0,114500.0,22156
2013-02-08,115500.0,116000.0,117000.0,115500.0,20293
2013-02-12,116500.0,116000.0,116500.0,113000.0,30162
2013-02-13,113000.0,115500.0,116000.0,111000.0,105134
2013-02-14,112000.0,113000.0,113000.0,110500.0,68985
2013-02-15,109500.0,111500.0,113000.0,108000.0,62590
2013-02-18,113000.0,110000.0,113000.0,109000.0,51940
2013-02-19,114000.0,113000.0,114000.0,110500.0,65243
2013-02-20,115000.0,114500.0,115500.0,112500.0,68210
2013-02-21,113000.0,114000.0,117500.0,113000.0,61871
2013-02-22,115000.0,113000.0,116000.0,112000.0,39388
2013-02-25,115000.0,114500.0,115000.0,114000.0,14530
2013-02-26,114500.0,115000.0,116000.0,113500.0,34581
2013-02-27,115000.0,114000.0,117000.0,113000.0,35394
2013-02-28,115000.0,117000.0,118000.0,114500.0,361887
2013-03-04,111000.0,113000.0,113500.0,111000.0,128826
2013-03-05,111500.0,111000.0,112500.0,109000.0,82091
2013-03-06,105000.0,111500.0,112000.0,105000.0,106944
2013-03-07,102500.0,105000.0,105000.0,102500.0,60154
2013-03-08,103500.0,102500.0,104500.0,101000.0,60608
2013-03-11,107500.0,103500.0,108000.0,103500.0,78682
2013-03-12,106000.0,108000.0,108000.0,105000.0,55117
2013-03-13,105000.0,105500.0,106000.0,104000.0,48123
2013-03-14,103500.0,104500.0,104500.0,102000.0,46332
2013-03-15,101000.0,105000.0,105000.0,101000.0,43464
2013-03-18,102500.0,101000.0,103500.0,100000.0,41437
2013-03-19,103500.0,104000.0,104000.0,102000.0,28440
2013-03-20,100500.0,103500.0,105000.0,100500.0,53706
2013-03-21,98900.0,101000.0,101500.0,98900.0,49905
2013-03-22,96500.0,98100.0,99900.0,96400.0,76065
2013-03-25,99600.0,97900.0,101000.0,96800.0,73038
2013-03-26,102000.0,99600.0,102500.0,99600.0,42846
2013-03-27,103500.0,102000.0,104000.0,102000.0,48127
2013-03-28,101000.0,104000.0,104000.0,100000.0,55983
2013-03-29,98300.0,101500.0,102000.0,97600.0,97924
2013-04-01,99800.0,99100.0,100500.0,98600.0,39876
2013-04-02,100000.0,100500.0,100500.0,98700.0,54248
2013-04-03,95900.0,100500.0,100500.0,95900.0,89433
2013-04-04,97000.0,94700.0,97000.0,93500.0,63736
2013-04-05,93000.0,96900.0,97000.0,91900.0,69699
2013-04-08,89700.0,93400.0,93400.0,89700.0,57732
2013-04-09,90300.0,89100.0,92400.0,87900.0,83537
2013-04-10,90500.0,90000.0,92100.0,89600.0,42712
2013-04-11,92800.0,92100.0,93200.0,91200.0,69252
2013-04-12,89300.0,92000.0,92500.0,89300.0,60841
2013-04-15,94000.0,89300.0,94300.0,87100.0,65190
2013-04-16,98400.0,93600.0,98600.0,92400.0,97714
2013-04-17,97500.0,98500.0,98700.0,96500.0,85641
2013-04-18,96400.0,97000.0,98100.0,95500.0,71935
2013-04-19,99200.0,96400.0,101500.0,96300.0,74826
2013-04-22,102500.0,100000.0,103000.0,98800.0,82502
2013-04-23,104000.0,102500.0,105000.0,101000.0,57304
2013-04-24,103000.0,104500.0,105500.0,102500.0,60109
2013-04-25,107000.0,104000.0,107500.0,103000.0,91613
2013-04-26,107000.0,106000.0,108000.0,101000.0,61160
2013-04-29,106500.0,107500.0,107500.0,102500.0,84239
2013-04-30,106000.0,107000.0,107000.0,101000.0,56779
2013-05-02,104500.0,104000.0,106000.0,103500.0,52235
2013-05-03,110000.0,105000.0,110000.0,104000.0,79901
2013-05-06,108500.0,110000.0,112000.0,108500.0,44378
2013-05-07,109000.0,107000.0,111000.0,107000.0,38775
2013-05-08,105500.0,110500.0,110500.0,105500.0,38221
2013-05-09,106500.0,106500.0,109000.0,105500.0,43324
2013-05-10,107000.0,105500.0,110500.0,105500.0,42579
2013-05-13,105000.0,107000.0,108000.0,104500.0,28282
2013-05-14,108000.0,105000.0,110000.0,105000.0,43336
2013-05-15,110000.0,109000.0,110500.0,107000.0,43675
2013-05-16,113500.0,111000.0,114500.0,110000.0,95506
2013-05-20,109500.0,112500.0,114500.0,109500.0,53116
2013-05-21,111000.0,110500.0,111500.0,108000.0,30534
2013-05-22,109500.0,110500.0,111000.0,108500.0,43350
2013-05-23,110000.0,108500.0,113500.0,107500.0,40623
2013-05-24,110000.0,109500.0,111500.0,105000.0,70036
2013-05-27,105000.0,109500.0,109500.0,105000.0,49501
2013-05-28,107000.0,105500.0,107000.0,105000.0,36098
2013-05-29,104000.0,106500.0,108000.0,102500.0,74301
2013-05-30,98600.0,103000.0,104000.0,97000.0,106601
2013-05-31,103000.0,100000.0,104500.0,99600.0,73503
2013-06-03,100000.0,101000.0,103500.0,98600.0,36271
2013-06-04,99300.0,102000.0,102000.0,98600.0,32148
2013-06-05,98000.0,99300.0,99900.0,97200.0,52432
2013-06-07,99000.0,97400.0,100000.0,97100.0,59143
2013-06-10,99300.0,98200.0,101000.0,97700.0,47711
2013-06-11,100500.0,100000.0,101000.0,98000.0,30061
2013-06-12,97700.0,100000.0,100000.0,97300.0,67714
2013-06-13,92700.0,97500.0,97600.0,92700.0,85448
2013-06-14,92400.0,94300.0,94300.0,91500.0,71550
2013-06-17,92600.0,91600.0,93300.0,90500.0,66627
2013-06-18,93400.0,92600.0,94900.0,91500.0,37760
2013-06-19,96300.0,93000.0,96300.0,92200.0,55683
2013-06-20,96000.0,96300.0,96300.0,93300.0,52548
2013-06-21,96800.0,93500.0,96800.0,91100.0,73724
2013-06-24,93600.0,95100.0,95100.0,92300.0,52334
2013-06-25,92500.0,93600.0,93600.0,91300.0,43692
2013-06-26,91600.0,92500.0,92500.0,89900.0,48512
2013-06-27,92500.0,91600.0,94700.0,91600.0,36371
2013-06-28,95400.0,92100.0,96500.0,92100.0,56298
2013-07-01,98200.0,94000.0,98800.0,93700.0,61454
2013-07-02,101500.0,97500.0,101500.0,96000.0,92296
2013-07-03,98000.0,100500.0,102500.0,98000.0,58956
2013-07-04,98000.0,98800.0,99600.0,97200.0,20964
2013-07-05,99100.0,99300.0,99700.0,97300.0,19987
2013-07-08,98700.0,100000.0,100500.0,97500.0,17724
2013-07-09,97000.0,99700.0,99700.0,96500.0,26354
2013-07-10,97600.0,96500.0,98600.0,94400.0,42617
2013-07-11,99500.0,99300.0,100500.0,97600.0,38978
2013-07-12,99600.0,98600.0,101000.0,97900.0,40558
2013-07-15,96100.0,99000.0,99700.0,95900.0,108068
2013-07-16,95300.0,96600.0,97200.0,94300.0,79377
2013-07-17,95500.0,95500.0,96000.0,94300.0,56412
2013-07-18,95000.0,95500.0,96500.0,93800.0,89700
2013-07-19,93500.0,94500.0,95300.0,93500.0,35537
2013-07-22,93900.0,93400.0,94700.0,92200.0,37213
2013-07-23,96400.0,94000.0,96500.0,93500.0,50918
2013-07-24,95000.0,96700.0,96700.0,94600.0,26574
2013-07-25,94700.0,94600.0,96000.0,93900.0,24499
2013-07-26,95300.0,94800.0,95700.0,94300.0,23727
2013-07-29,95600.0,95300.0,96100.0,94000.0,33410
2013-07-30,98200.0,96000.0,98500.0,95100.0,49927
2013-07-31,98300.0,98800.0,99000.0,97500.0,32411
2013-08-01,103500.0,98300.0,107500.0,96800.0,94962
2013-08-02,104000.0,102000.0,104000.0,100000.0,69433
2013-08-05,102500.0,103500.0,103500.0,100500.0,47971
2013-08-06,102500.0,103000.0,103000.0,100000.0,44160
2013-08-07,100500.0,101500.0,102500.0,100500.0,43944
2013-08-08,102500.0,101000.0,104000.0,99600.0,40341
2013-08-09,103000.0,102500.0,104500.0,101500.0,36148
2013-08-12,102500.0,102500.0,104500.0,101000.0,31058
2013-08-13,101500.0,102500.0,103500.0,101500.0,35799
2013-08-14,102500.0,102500.0,103500.0,101500.0,46284
2013-08-16,102500.0,100500.0,103000.0,100500.0,19895
2013-08-19,103500.0,101500.0,104500.0,101500.0,35318
2013-08-20,102000.0,103000.0,103500.0,101000.0,43345
2013-08-21,99500.0,101500.0,102000.0,98600.0,61409
2013-08-22,96500.0,97500.0,98600.0,95600.0,62907
2013-08-23,96900.0,95800.0,97400.0,95300.0,56654
2013-08-26,98200.0,96900.0,99900.0,96100.0,41406
2013-08-27,97500.0,99900.0,99900.0,97100.0,43642
2013-08-28,96500.0,96000.0,97000.0,95400.0,28451
2013-08-29,99000.0,97000.0,101500.0,97000.0,50892
2013-08-30,101000.0,101000.0,103000.0,99100.0,59303
2013-09-02,99100.0,100500.0,101000.0,99100.0,43317
2013-09-03,100000.0,99200.0,101000.0,99200.0,36900
2013-09-04,99600.0,100000.0,100500.0,99300.0,24684
2013-09-05,100000.0,99300.0,100000.0,99100.0,45553
2013-09-06,99600.0,99700.0,102000.0,99000.0,50256
2013-09-09,99600.0,99600.0,101000.0,99000.0,40982
2013-09-10,99400.0,99700.0,100500.0,99000.0,61325
2013-09-11,101000.0,99400.0,102000.0,99400.0,73980
2013-09-12,103000.0,101500.0,104000.0,101000.0,49102
2013-09-13,101000.0,103500.0,104500.0,101000.0,36662
2013-09-16,101500.0,102500.0,104000.0,101000.0,43468
2013-09-17,99700.0,101000.0,101000.0,99700.0,29319
2013-09-23,98000.0,99500.0,100500.0,98000.0,45800
2013-09-24,98800.0,98100.0,99500.0,98100.0,27634
2013-09-25,98200.0,98600.0,99500.0,98200.0,21781
2013-09-26,98400.0,97800.0,98800.0,97600.0,42832
2013-09-27,97900.0,98500.0,99000.0,97400.0,46780
2013-09-30,96200.0,97200.0,97200.0,95600.0,52949
2013-10-01,95200.0,95300.0,96200.0,94200.0,102277
2013-10-02,94900.0,94800.0,95700.0,94800.0,27883
2013-10-04,93900.0,94100.0,94800.0,93400.0,33372
2013-10-07,93400.0,93200.0,93700.0,92900.0,38442
2013-10-08,94000.0,92600.0,94100.0,92500.0,41891
2013-10-10,92800.0,92900.0,93600.0,92800.0,31171
2013-10-11,93300.0,93400.0,93800.0,92500.0,43166
2013-10-14,92300.0,92700.0,93300.0,92100.0,34247
2013-10-15,91000.0,92500.0,92700.0,91000.0,34151
2013-10-16,89200.0,91100.0,91700.0,88600.0,78799
2013-10-17,88400.0,89200.0,89700.0,88400.0,35179
2013-10-18,89500.0,88300.0,89900.0,87600.0,35172
2013-10-21,91000.0,89700.0,91300.0,88300.0,25137
2013-10-22,91800.0,91000.0,92000.0,90100.0,33249
2013-10-23,91900.0,91900.0,92800.0,91500.0,28247
2013-10-24,94000.0,92500.0,94100.0,92000.0,45051
2013-10-25,91500.0,94000.0,94000.0,91200.0,42973
2013-10-28,91200.0,91500.0,92000.0,90400.0,22810
2013-10-29,91400.0,91200.0,92100.0,90600.0,18459
2013-10-30,90600.0,91400.0,91700.0,90200.0,33095
2013-10-31,92300.0,90200.0,92900.0,88300.0,84425
2013-11-01,89400.0,92500.0,92500.0,89200.0,58320
2013-11-04,88200.0,89400.0,90000.0,88000.0,69672
2013-11-05,87600.0,88000.0,88600.0,87000.0,32439
2013-11-06,87100.0,87300.0,87600.0,86500.0,51288
2013-11-07,86100.0,86800.0,87100.0,85700.0,45367
2013-11-08,84500.0,86200.0,86400.0,83200.0,88436
2013-11-11,83600.0,84100.0,84500.0,83100.0,28334
2013-11-12,83700.0,83200.0,84000.0,82400.0,51708
2013-11-13,83300.0,83500.0,83700.0,80700.0,58016
2013-11-14,81000.0,81800.0,83000.0,80700.0,73388
2013-11-15,81600.0,81100.0,82500.0,81100.0,26405
2013-11-18,85400.0,82700.0,85400.0,81600.0,53958
2013-11-19,85200.0,84700.0,86800.0,84000.0,49801
2013-11-20,84300.0,84800.0,86400.0,83300.0,35258
2013-11-21,82300.0,83700.0,84200.0,81800.0,35650
2013-11-22,83500.0,82500.0,83600.0,81300.0,27766
2013-11-25,83000.0,82800.0,83800.0,81900.0,30934
2013-11-26,82500.0,82300.0,83000.0,81500.0,40116
2013-11-27,82800.0,82200.0,82800.0,81400.0,41542
2013-11-28,90000.0,83400.0,92000.0,83300.0,253593
2013-11-29,91800.0,90000.0,92800.0,89200.0,113843
2013-12-02,90000.0,91500.0,91500.0,88600.0,64514
2013-12-03,89600.0,89600.0,90600.0,88700.0,26107
2013-12-04,91000.0,89000.0,91200.0,89000.0,25900
2013-12-05,90000.0,90300.0,90600.0,89300.0,31417
2013-12-06,89200.0,89800.0,90000.0,88400.0,43443
2013-12-09,91400.0,91000.0,91500.0,90200.0,26057
2013-12-10,91900.0,91400.0,92000.0,90600.0,26336
2013-12-11,91000.0,91100.0,92000.0,90800.0,27039
2013-12-12,91200.0,90900.0,91800.0,90100.0,34644
2013-12-13,91200.0,91300.0,91300.0,88800.0,30097
2013-12-16,90500.0,90700.0,91100.0,90000.0,21489
2013-12-17,92900.0,91000.0,93600.0,90500.0,50317
2013-12-18,93100.0,92600.0,93400.0,90600.0,30940
2013-12-19,93200.0,93800.0,93800.0,92000.0,40540
2013-12-20,92500.0,93000.0,93100.0,91700.0,44163
2013-12-23,94000.0,93500.0,94000.0,92100.0,28356
2013-12-24,97500.0,94300.0,98000.0,93800.0,74790
2013-12-26,97500.0,97500.0,99800.0,96900.0,80087
2013-12-27,99300.0,97100.0,100000.0,96000.0,72171
2013-12-30,100000.0,99700.0,101000.0,97900.0,89156
2014-01-02,99600.0,101000.0,102500.0,99500.0,84944
2014-01-03,101000.0,101000.0,102500.0,99800.0,75457
2014-01-06,104000.0,100500.0,104000.0,100500.0,88462
2014-01-07,103000.0,104000.0,106500.0,102500.0,100177
2014-01-08,104000.0,104000.0,104500.0,102000.0,80485
2014-01-09,103000.0,104500.0,106000.0,102500.0,80805
2014-01-10,103500.0,103500.0,105000.0,101500.0,55990
2014-01-13,105000.0,104500.0,106000.0,104500.0,47910
2014-01-14,103000.0,105000.0,105000.0,101500.0,64457
2014-01-15,108000.0,103000.0,109000.0,103000.0,155587
2014-01-16,108000.0,109000.0,109000.0,107000.0,63557
2014-01-17,106000.0,107000.0,108500.0,105000.0,66334
2014-01-20,112500.0,106500.0,112500.0,106500.0,147417
2014-01-21,108000.0,112500.0,112500.0,107500.0,57463
2014-01-22,108000.0,108000.0,109500.0,105500.0,46987
2014-01-23,107000.0,108000.0,109000.0,106500.0,52302
2014-01-24,107000.0,106000.0,109000.0,105000.0,37441
2014-01-27,106000.0,105000.0,107000.0,104000.0,32463
2014-01-28,103000.0,106500.0,106500.0,100000.0,51653
2014-01-29,107000.0,103500.0,107000.0,103000.0,46586
2014-02-03,112000.0,106000.0,112000.0,105500.0,66125
2014-02-04,106000.0,110500.0,110500.0,104500.0,84902
2014-02-05,104500.0,106500.0,109000.0,104000.0,56365
2014-02-06,107000.0,106500.0,107500.0,105000.0,44339
2014-02-07,101500.0,106000.0,106500.0,101000.0,100113
2014-02-10,102500.0,101500.0,103500.0,101500.0,44925
2014-02-11,105000.0,101500.0,106500.0,101000.0,40178
2014-02-12,105000.0,105000.0,106500.0,103000.0,42687
2014-02-13,105500.0,105000.0,106500.0,104500.0,29054
2014-02-14,106500.0,105500.0,108000.0,105500.0,26228
2014-02-17,106000.0,108000.0,108500.0,105000.0,24364
2014-02-18,106500.0,106000.0,108000.0,105000.0,19929
2014-02-19,110500.0,108000.0,111500.0,106500.0,58985
2014-02-20,109500.0,109000.0,110500.0,108000.0,24169
2014-02-21,112000.0,109000.0,112500.0,109000.0,47468
2014-02-24,112000.0,111500.0,113500.0,110500.0,27609
2014-02-25,116000.0,113500.0,117000.0,113500.0,63084
2014-02-26,114500.0,114500.0,115500.0,113500.0,34736
2014-02-27,116000.0,114500.0,116500.0,114000.0,19620
2014-02-28,120000.0,115000.0,121000.0,115000.0,69868
2014-03-03,115500.0,118500.0,119000.0,115500.0,42964
2014-03-04,111000.0,115500.0,117500.0,110500.0,104412
2014-03-05,115500.0,111500.0,117500.0,111000.0,113033
2014-03-06,118000.0,115500.0,119000.0,115000.0,81975
2014-03-07,116500.0,117500.0,119000.0,114500.0,40388
2014-03-10,119000.0,117000.0,120000.0,116000.0,32416
2014-03-11,118000.0,118000.0,121000.0,117500.0,32972
2014-03-12,119000.0,117500.0,120000.0,117000.0,34062
2014-03-13,119000.0,120000.0,122500.0,118000.0,71616
2014-03-14,117000.0,119500.0,121000.0,116000.0,50318
2014-03-17,118000.0,117500.0,119000.0,116500.0,31402
2014-03-18,118000.0,119000.0,120000.0,116500.0,38572
2014-03-19,117500.0,118000.0,118000.0,115000.0,27380
2014-03-20,116500.0,117500.0,117500.0,115000.0,20391
2014-03-21,118500.0,116500.0,119500.0,115000.0,39262
2014-03-24,117000.0,119000.0,120000.0,116500.0,19108
2014-03-25,115000.0,117500.0,117500.0,115000.0,16976
2014-03-26,113000.0,115000.0,116000.0,110500.0,58766
2014-03-27,114000.0,113500.0,114000.0,110500.0,24952
2014-03-28,118000.0,112500.0,118500.0,112500.0,29199
2014-03-31,113000.0,116500.0,117000.0,111000.0,54901
2014-04-01,113500.0,112000.0,114500.0,110500.0,58525
2014-04-02,112500.0,113000.0,115000.0,112000.0,38870
2014-04-03,114500.0,112000.0,117000.0,112000.0,50116
2014-04-04,115000.0,115500.0,116000.0,113500.0,49747
2014-04-07,112500.0,114000.0,114500.0,112000.0,33183
2014-04-08,111500.0,112000.0,112500.0,111000.0,41147
2014-04-09,112000.0,111500.0,113000.0,111500.0,34635
2014-04-10,112000.0,113000.0,113000.0,110500.0,23256
2014-04-11,108000.0,110500.0,112000.0,107500.0,32386
2014-04-14,108000.0,108000.0,109000.0,107000.0,34795
2014-04-15,108000.0,108500.0,109000.0,105500.0,43621
2014-04-16,106500.0,107500.0,108000.0,106000.0,40495
2014-04-17,106000.0,106500.0,107000.0,104500.0,39852
2014-04-18,106000.0,106500.0,107500.0,105500.0,23113
2014-04-21,107000.0,106500.0,107000.0,106000.0,20468
2014-04-22,109500.0,108000.0,113000.0,106500.0,83710
2014-04-23,111000.0,111000.0,113500.0,110000.0,65390
2014-04-24,107500.0,110500.0,110500.0,106500.0,49521
2014-04-25,105500.0,107500.0,109000.0,105500.0,26871
2014-04-28,105500.0,105000.0,108500.0,104000.0,42338
2014-04-29,109000.0,106000.0,109000.0,105500.0,25175
2014-04-30,109000.0,108500.0,110000.0,108000.0,22774
2014-05-02,109000.0,108500.0,110500.0,108000.0,21004
2014-05-07,106500.0,108000.0,109500.0,106500.0,21863
2014-05-08,109000.0,106000.0,109500.0,105000.0,40927
2014-05-09,110000.0,109000.0,110000.0,106500.0,34464
2014-05-12,111500.0,110500.0,113500.0,109000.0,34513
2014-05-13,114500.0,112000.0,116000.0,111500.0,28544
2014-05-14,115000.0,114500.0,116000.0,113000.0,13934
2014-05-15,112000.0,114500.0,115500.0,112000.0,21007
2014-05-16,114000.0,112000.0,115500.0,111000.0,21378
2014-05-19,111000.0,115500.0,115500.0,111000.0,19685
2014-05-20,114500.0,110500.0,115500.0,110500.0,29399
2014-05-21,114000.0,115500.0,117000.0,112500.0,41177
2014-05-22,115000.0,114500.0,115500.0,113000.0,38471
2014-05-23,114000.0,115000.0,115500.0,114000.0,36458
2014-05-26,117500.0,114500.0,118500.0,114500.0,55417
2014-05-27,115500.0,118500.0,119000.0,115000.0,27987
2014-05-28,116500.0,115000.0,118000.0,115000.0,33785
2014-05-29,117000.0,117000.0,119500.0,116500.0,55262
2014-05-30,113500.0,114000.0,115500.0,113500.0,1435035
2014-06-02,115000.0,114500.0,115000.0,113000.0,57405
2014-06-03,115000.0,113500.0,115000.0,113500.0,60894
2014-06-05,111500.0,114000.0,114500.0,111000.0,85282
2014-06-09,112500.0,110500.0,114000.0,110500.0,47723
2014-06-10,115000.0,114000.0,115500.0,112500.0,76086
2014-06-11,118000.0,116000.0,122000.0,115500.0,168931
2014-06-12,120000.0,117000.0,120000.0,116500.0,43321
2014-06-13,120500.0,120000.0,121500.0,117500.0,48560
2014-06-16,119000.0,119500.0,120000.0,117000.0,39334
2014-06-17,119500.0,119500.0,121500.0,118000.0,57185
2014-06-18,119500.0,120000.0,121000.0,117500.0,37175
2014-06-19,121500.0,121000.0,121500.0,118000.0,46801
2014-06-20,120500.0,121000.0,121500.0,118500.0,90592
2014-06-23,122000.0,120500.0,122500.0,119000.0,49797
2014-06-24,121000.0,121000.0,124000.0,121000.0,52507
2014-06-25,117000.0,121500.0,122000.0,115500.0,77142
2014-06-26,119000.0,116500.0,119500.0,116000.0,44549
2014-06-27,118000.0,119000.0,120500.0,117500.0,30678
2014-06-30,120500.0,119000.0,121000.0,118000.0,46896
2014-07-01,119000.0,119000.0,120000.0,118000.0,25142
2014-07-02,122000.0,118500.0,122000.0,118500.0,51783
2014-07-03,128000.0,121000.0,128000.0,121000.0,89982
2014-07-04,136500.0,128500.0,137000.0,127500.0,144217
2014-07-07,135500.0,137000.0,137500.0,131500.0,84820
2014-07-08,133000.0,135500.0,140000.0,133000.0,66683
2014-07-09,138500.0,133500.0,139000.0,133000.0,71171
2014-07-10,139500.0,140500.0,141500.0,136500.0,47888
2014-07-11,143500.0,139000.0,143500.0,136500.0,58161
2014-07-14,138500.0,142000.0,143000.0,138500.0,80910
2014-07-15,136000.0,139500.0,140500.0,135500.0,72838
2014-07-16,135500.0,136000.0,138000.0,134000.0,54418
2014-07-17,133500.0,135000.0,136500.0,132000.0,105611
2014-07-18,134500.0,132000.0,135500.0,132000.0,43073
2014-07-21,133500.0,134500.0,135500.0,131500.0,33088
2014-07-22,134000.0,133000.0,134500.0,131000.0,55015
2014-07-23,134000.0,133500.0,135500.0,132500.0,38540
2014-07-24,128500.0,134500.0,135000.0,127500.0,75697
2014-07-25,131000.0,128500.0,132500.0,128500.0,62352
2014-07-28,135000.0,132000.0,135500.0,131000.0,57227
2014-07-29,130500.0,135500.0,135500.0,126500.0,154585
2014-07-30,132000.0,131500.0,132500.0,129000.0,64330
2014-07-31,135500.0,132500.0,137000.0,130500.0,65097
2014-08-01,143000.0,135500.0,144000.0,135000.0,140875
2014-08-04,143500.0,143000.0,145000.0,141000.0,35709
2014-08-05,142500.0,143500.0,148000.0,139500.0,71843
2014-08-06,146000.0,142500.0,148500.0,140000.0,52947
2014-08-07,143000.0,146000.0,149500.0,142000.0,67834
2014-08-08,144000.0,144500.0,145000.0,142000.0,28606
2014-08-11,142000.0,142000.0,143000.0,140000.0,31531
2014-08-12,143500.0,143000.0,145000.0,142500.0,38424
2014-08-13,149500.0,145000.0,151500.0,144500.0,81187
2014-08-14,160000.0,149500.0,160000.0,148000.0,93976
2014-08-18,162000.0,160000.0,165500.0,154000.0,115560
2014-08-19,162000.0,162000.0,165000.0,158500.0,84040
2014-08-20,163000.0,163000.0,175000.0,162000.0,97895
2014-08-21,160500.0,164500.0,168000.0,160500.0,70019
2014-08-22,163500.0,161500.0,166500.0,161500.0,54804
2014-08-25,164500.0,165000.0,168500.0,164500.0,37053
2014-08-26,167500.0,164500.0,170000.0,163000.0,52973
2014-08-27,161500.0,167500.0,171000.0,160500.0,81471
2014-08-28,158500.0,161000.0,163000.0,155500.0,91419
2014-08-29,155500.0,160000.0,160500.0,154500.0,55271
2014-09-01,156000.0,155000.0,156500.0,153000.0,36142
2014-09-02,158500.0,156500.0,159500.0,155000.0,48791
2014-09-03,162000.0,157500.0,163500.0,157000.0,62762
2014-09-04,167000.0,161500.0,168000.0,161500.0,75120
2014-09-05,170000.0,166500.0,174000.0,165000.0,83280
2014-09-11,163000.0,168000.0,169000.0,160500.0,157788
2014-09-12,151000.0,163000.0,163500.0,151000.0,109447
2014-09-15,150500.0,150500.0,153500.0,149500.0,75781
2014-09-16,150000.0,152000.0,152500.0,149000.0,45188
2014-09-17,157000.0,150500.0,161000.0,149000.0,77254
2014-09-18,156000.0,157000.0,161000.0,154500.0,33971
2014-09-19,159500.0,157000.0,162500.0,156000.0,56128
2014-09-22,159000.0,159000.0,166500.0,157500.0,47140
2014-09-23,164000.0,160500.0,164500.0,159500.0,44757
2014-09-24,167000.0,165000.0,167500.0,163000.0,57239
2014-09-25,169000.0,166000.0,174500.0,165500.0,57586
2014-09-26,166000.0,167000.0,167500.0,164500.0,32256
2014-09-29,163000.0,164500.0,168000.0,160500.0,34561
2014-09-30,167500.0,160500.0,171500.0,160500.0,63660
2014-10-01,167000.0,165000.0,169500.0,165000.0,29431
2014-10-02,174500.0,167000.0,175000.0,165000.0,61818
2014-10-06,173000.0,173500.0,174500.0,171000.0,53797
2014-10-07,175500.0,173500.0,175500.0,168500.0,52706
2014-10-08,175500.0,172500.0,176500.0,170500.0,40040
2014-10-10,176500.0,175500.0,179500.0,172000.0,63331
2014-10-13,180000.0,177000.0,180000.0,172000.0,44586
2014-10-14,178000.0,180000.0,182500.0,177500.0,50933
2014-10-15,183500.0,179500.0,184000.0,176500.0,32381
2014-10-16,192500.0,184000.0,196000.0,183500.0,90355
2014-10-17,191000.0,196500.0,197000.0,187000.0,68295
2014-10-20,196000.0,191000.0,199000.0,188500.0,59528
2014-10-21,204500.0,195000.0,208500.0,195000.0,75172
2014-10-22,214000.0,209500.0,219000.0,208000.0,79663
2014-10-23,206000.0,210500.0,216500.0,201500.0,129084
2014-10-24,205000.0,206000.0,209500.0,198000.0,113271
2014-10-27,203000.0,208000.0,209500.0,201500.0,73670
2014-10-28,200000.0,204500.0,207000.0,200000.0,63466
2014-10-29,210000.0,203500.0,214000.0,201500.0,67310
2014-10-30,203000.0,214000.0,214500.0,195000.0,110885
2014-10-31,193000.0,200000.0,200500.0,190000.0,153963
2014-11-03,185500.0,191500.0,196000.0,183500.0,165583
2014-11-04,190000.0,189000.0,198500.0,188500.0,165592
2014-11-05,192500.0,195000.0,198500.0,192500.0,90033
2014-11-06,185000.0,195000.0,195500.0,182000.0,102836
2014-11-07,186500.0,190500.0,192000.0,183000.0,127549
2014-11-10,186500.0,186500.0,191500.0,184000.0,73871
2014-11-11,195000.0,189000.0,195500.0,188000.0,64267
2014-11-12,195500.0,196000.0,198500.0,191000.0,68852
2014-11-13,193500.0,194000.0,195500.0,191000.0,45781
2014-11-14,196000.0,192500.0,199500.0,192000.0,59650
2014-11-17,198500.0,198000.0,202000.0,196000.0,75098
2014-11-18,202500.0,200500.0,208500.0,199500.0,69384
2014-11-19,210000.0,205500.0,210500.0,201500.0,69469
2014-11-20,209500.0,209000.0,211000.0,206000.0,55186
2014-11-21,202500.0,210000.0,210000.0,197000.0,142513
2014-11-24,200000.0,204500.0,207000.0,196000.0,110244
2014-11-25,200500.0,201500.0,205500.0,198000.0,583870
2014-11-26,199000.0,202500.0,202500.0,195500.0,75192
2014-11-27,189000.0,197000.0,199500.0,187000.0,103523
2014-11-28,196500.0,191000.0,198000.0,190000.0,53657
2014-12-01,200000.0,197000.0,203000.0,194500.0,55334
2014-12-02,198500.0,200000.0,201500.0,194000.0,41124
2014-12-03,201500.0,200000.0,203000.0,198500.0,37856
2014-12-04,198000.0,202500.0,204000.0,197500.0,34297
2014-12-05,191000.0,198000.0,198000.0,190000.0,73699
2014-12-08,186500.0,191000.0,194000.0,185000.0,62751
2014-12-09,179500.0,187000.0,187500.0,176000.0,124121
2014-12-10,181500.0,180500.0,183000.0,176500.0,46849
2014-12-11,175500.0,179000.0,181500.0,175500.0,37948
2014-12-12,176000.0,176000.0,178000.0,171500.0,54684
2014-12-15,183000.0,172000.0,185500.0,170500.0,64634
2014-12-16,184000.0,184000.0,188000.0,181500.0,35616
2014-12-17,188000.0,187000.0,188000.0,184500.0,39778
2014-12-18,185000.0,189000.0,189000.0,181000.0,32316
2014-12-19,192500.0,185500.0,192500.0,185000.0,37169
2014-12-22,193000.0,191500.0,193500.0,188500.0,31409
2014-12-23,192000.0,192500.0,193500.0,189000.0,23465
2014-12-24,191500.0,193500.0,193500.0,190000.0,13248
2014-12-26,189500.0,190500.0,191500.0,183500.0,52648
2014-12-29,190000.0,185500.0,193500.0,185500.0,20626
2014-12-30,196000.0,190500.0,196000.0,190000.0,41450
2015-01-02,187500.0,191500.0,194000.0,183500.0,83721
2015-01-05,182500.0,186000.0,186500.0,179000.0,69494
2015-01-06,181500.0,179500.0,182500.0,178000.0,42648
2015-01-07,183500.0,180000.0,184500.0,178000.0,57375
2015-01-08,184500.0,182000.0,187000.0,181500.0,47157
2015-01-09,188000.0,185000.0,188500.0,182000.0,51307
2015-01-12,190500.0,186000.0,191500.0,184500.0,38166
2015-01-13,192000.0,191500.0,192500.0,189000.0,34483
2015-01-14,183500.0,190000.0,192000.0,183500.0,41388
2015-01-15,182000.0,182000.0,183500.0,179500.0,42729
2015-01-16,182000.0,182000.0,182500.0,178000.0,61254
2015-01-19,182000.0,182000.0,183000.0,179000.0,41980
2015-01-20,179000.0,182500.0,183500.0,178000.0,62788
2015-01-21,176000.0,177500.0,181000.0,174500.0,71014
2015-01-22,172000.0,177500.0,177500.0,168000.0,80126
2015-01-23,175000.0,173000.0,178500.0,172000.0,48949
2015-01-26,177000.0,173000.0,181500.0,173000.0,59697
2015-01-27,178000.0,177000.0,178500.0,176000.0,30696
2015-01-28,187000.0,178500.0,187000.0,174500.0,83646
2015-01-29,184000.0,187000.0,188000.0,183000.0,40948
2015-01-30,191500.0,187000.0,193500.0,184000.0,82315
2015-02-02,191000.0,192500.0,193500.0,189500.0,44933
2015-02-03,200000.0,188500.0,202000.0,188500.0,116309
2015-02-04,194500.0,204000.0,204000.0,194500.0,59741
2015-02-05,199000.0,196000.0,201000.0,196000.0,59594
2015-02-06,195500.0,197500.0,199500.0,194000.0,39043
2015-02-09,193500.0,195500.0,198000.0,192000.0,28917
2015-02-10,189000.0,196000.0,196000.0,186500.0,48973
2015-02-11,196000.0,190000.0,198500.0,187500.0,42235
2015-02-12,197000.0,194500.0,198500.0,192500.0,34426
2015-02-13,199500.0,198000.0,201000.0,194000.0,29699
2015-02-16,195000.0,197000.0,202000.0,195000.0,47382
2015-02-17,200000.0,195000.0,200000.0,191500.0,27057
2015-02-23,181500.0,182000.0,190500.0,175000.0,221755
2015-02-24,180000.0,183000.0,185500.0,179500.0,104444
2015-02-25,182500.0,182000.0,183500.0,179000.0,54784
2015-02-26,178000.0,181500.0,184500.0,175500.0,87543
2015-02-27,181000.0,176500.0,181000.0,175500.0,65226
2015-03-02,173000.0,178500.0,179500.0,170000.0,123815
2015-03-03,175000.0,173000.0,175000.0,170500.0,59541
2015-03-04,171500.0,173500.0,174500.0,171500.0,39377
2015-03-05,170500.0,171500.0,173000.0,170000.0,33080
2015-03-06,168500.0,170500.0,172000.0,166500.0,81521
2015-03-09,170500.0,167500.0,171500.0,166000.0,52069
2015-03-10,166000.0,169500.0,170500.0,165500.0,60802
2015-03-11,163500.0,164000.0,167000.0,163500.0,48369
2015-03-12,164000.0,162500.0,166500.0,162500.0,40288
2015-03-13,176000.0,166000.0,176500.0,164500.0,108233
2015-03-16,174000.0,175000.0,175500.0,169000.0,70613
2015-03-17,175000.0,174500.0,175000.0,171500.0,55051
2015-03-18,172500.0,175500.0,178500.0,172000.0,51770
2015-03-19,170000.0,174000.0,174500.0,170000.0,42139
2015-03-20,187500.0,175500.0,187500.0,174500.0,150235
2015-03-23,187000.0,190500.0,194500.0,184000.0,69910
2015-03-24,190000.0,187000.0,192500.0,184000.0,56239
2015-03-25,195500.0,190000.0,195500.0,190000.0,62707
2015-03-26,195500.0,195500.0,196000.0,191500.0,49259
2015-03-27,191000.0,198000.0,198000.0,190000.0,68363
2015-03-30,197000.0,192000.0,197000.0,191000.0,42608
2015-03-31,195000.0,194000.0,196500.0,191000.0,41681
2015-04-01,195000.0,192500.0,197000.0,192500.0,38793
2015-04-02,191500.0,196000.0,196000.0,191000.0,24463
2015-04-03,192500.0,193000.0,194000.0,189000.0,22589
2015-04-06,189500.0,191500.0,194000.0,189500.0,17672
2015-04-07,188500.0,189000.0,191000.0,182000.0,43900
2015-04-08,187000.0,190000.0,190000.0,186000.0,30955
2015-04-09,192500.0,187500.0,193500.0,187000.0,41653
2015-04-10,192000.0,190000.0,193000.0,189500.0,29870
2015-04-13,188500.0,190500.0,191000.0,187000.0,50655
2015-04-14,188000.0,189500.0,193000.0,186000.0,34771
2015-04-15,193000.0,186500.0,193000.0,186500.0,32203
2015-04-16,192500.0,191500.0,193500.0,190000.0,34578
2015-04-17,205500.0,191500.0,206000.0,191000.0,95158
2015-04-20,208000.0,204500.0,215000.0,202000.0,75605
2015-04-21,199500.0,209000.0,210000.0,199500.0,65566
2015-04-22,197500.0,199500.0,201000.0,195000.0,66839
2015-04-23,201500.0,198000.0,201500.0,193500.0,46661
2015-04-24,196500.0,201000.0,201500.0,195500.0,35839
2015-04-27,199500.0,198000.0,200500.0,196500.0,20014
2015-04-28,211000.0,202000.0,211000.0,199500.0,71448
2015-04-29,208000.0,212000.0,215000.0,207000.0,43028
2015-04-30,204500.0,207500.0,208000.0,198500.0,47241
2015-05-04,199500.0,203500.0,211000.0,199500.0,53738
2015-05-06,200000.0,200500.0,207000.0,198000.0,46759
2015-05-07,196500.0,200000.0,201000.0,195500.0,38270
2015-05-08,201000.0,196500.0,201000.0,194500.0,28784
2015-05-11,200500.0,201000.0,206000.0,200000.0,28984
2015-05-12,198500.0,198500.0,200500.0,197500.0,24478
2015-05-13,198500.0,199000.0,201000.0,197000.0,15185
2015-05-14,198500.0,197000.0,200000.0,197000.0,19346
2015-05-15,195000.0,199000.0,200500.0,193500.0,29821
2015-05-18,200500.0,193500.0,200500.0,190500.0,36816
2015-05-19,198500.0,198000.0,200000.0,195000.0,27024
2015-05-20,194500.0,196500.0,199000.0,193500.0,42010
2015-05-21,190500.0,193000.0,196000.0,189000.0,44433
2015-05-22,190000.0,190000.0,195000.0,188000.0,50954
2015-05-26,187500.0,189500.0,192500.0,183500.0,80633
2015-05-27,190500.0,184500.0,191000.0,184000.0,37417
2015-05-28,189000.0,188500.0,191500.0,184500.0,35124
2015-05-29,188000.0,186500.0,190500.0,185500.0,48515
2015-06-01,193500.0,188000.0,194000.0,184000.0,35286
2015-06-02,189500.0,193500.0,195000.0,188500.0,25748
2015-06-03,189500.0,189500.0,191500.0,187000.0,26566
2015-06-04,189000.0,186500.0,190500.0,184000.0,36570
2015-06-05,185500.0,185500.0,188500.0,185500.0,27697
2015-06-08,192500.0,185000.0,194000.0,184500.0,29495
2015-06-09,192000.0,194500.0,194500.0,188000.0,43351
2015-06-10,188000.0,192500.0,192500.0,188000.0,50054
2015-06-11,178500.0,186000.0,187500.0,178500.0,74615
2015-06-12,178000.0,179000.0,181500.0,175000.0,70336
2015-06-15,174000.0,175000.0,178000.0,170000.0,88772
2015-06-16,179500.0,175500.0,182000.0,175500.0,51201
2015-06-17,180500.0,179500.0,182500.0,178500.0,31593
2015-06-18,185000.0,182500.0,185500.0,179000.0,38191
2015-06-19,186500.0,186000.0,186500.0,181500.0,39123
2015-06-22,186000.0,184000.0,186500.0,181500.0,29948
2015-06-23,183500.0,185500.0,188000.0,183000.0,49172
2015-06-24,184000.0,186000.0,186500.0,183000.0,55849
2015-06-25,194500.0,184500.0,195500.0,182500.0,62236
2015-06-26,195000.0,194500.0,197500.0,191000.0,41292
2015-06-29,190000.0,191500.0,194000.0,186000.0,43958
2015-06-30,194000.0,190000.0,194000.0,187000.0,36911
2015-07-01,188000.0,192000.0,195000.0,188000.0,43846
2015-07-02,191000.0,189000.0,193000.0,185500.0,64943
2015-07-03,192500.0,191000.0,194000.0,189500.0,59402
2015-07-06,187000.0,192000.0,192000.0,184000.0,55990
2015-07-07,185500.0,188000.0,188000.0,181000.0,42165
2015-07-08,180500.0,184000.0,184000.0,179000.0,49500
2015-07-09,182500.0,180000.0,183500.0,176000.0,44601
2015-07-10,185500.0,184000.0,185500.0,179000.0,43510
2015-07-13,189000.0,185500.0,190500.0,183000.0,33017
2015-07-14,187000.0,188000.0,191000.0,186500.0,21428
2015-07-15,192000.0,188500.0,192000.0,187500.0,29964
2015-07-16,192000.0,191000.0,193000.0,189500.0,23663
2015-07-17,186500.0,192500.0,194000.0,186500.0,21104
2015-07-20,187500.0,186500.0,188500.0,180500.0,69821
2015-07-21,178500.0,187500.0,187500.0,175500.0,112784
2015-07-22,174500.0,178500.0,180500.0,174500.0,55565
2015-07-23,177000.0,175500.0,180000.0,174000.0,36699
2015-07-24,173000.0,176500.0,177000.0,172000.0,28328
2015-07-27,173500.0,171500.0,174500.0,166500.0,50410
2015-07-28,171000.0,171000.0,172500.0,167000.0,36753
2015-07-29,169500.0,172000.0,174000.0,167000.0,39010
2015-07-30,170500.0,169500.0,173000.0,166000.0,39681
2015-07-31,171500.0,173000.0,174000.0,166000.0,53788
2015-08-03,177000.0,173000.0,177000.0,171500.0,36957
2015-08-04,175000.0,179000.0,179500.0,171500.0,47259
2015-08-05,175000.0,173000.0,176500.0,171500.0,20945
2015-08-06,176000.0,177000.0,177500.0,172500.0,31098
2015-08-07,177000.0,175000.0,178500.0,174000.0,21440
2015-08-10,172000.0,177000.0,177500.0,172000.0,18592
2015-08-11,171500.0,172500.0,174000.0,170000.0,21691
2015-08-12,174000.0,174000.0,175000.0,168500.0,33862
2015-08-13,173000.0,171500.0,174000.0,169000.0,31429
2015-08-17,170000.0,174000.0,174000.0,169000.0,39962
2015-08-18,169500.0,169500.0,171500.0,167000.0,34184
2015-08-19,168500.0,168000.0,170000.0,162500.0,29775
2015-08-20,176500.0,166000.0,182000.0,166000.0,115036
2015-08-21,171500.0,173000.0,173500.0,165000.0,77375
2015-08-24,164500.0,172000.0,172500.0,162000.0,72384
2015-08-25,167000.0,164500.0,169500.0,156500.0,77197
2015-08-26,170500.0,165500.0,171500.0,164000.0,49615
2015-08-27,167000.0,171000.0,172500.0,166000.0,74596
2015-08-28,172500.0,168000.0,174500.0,167500.0,64871
2015-08-31,178000.0,171000.0,179500.0,171000.0,60485
2015-09-01,179500.0,175500.0,180000.0,175000.0,51805
2015-09-02,176000.0,176000.0,179000.0,175000.0,38740
2015-09-03,177000.0,177000.0,178500.0,173000.0,48576
2015-09-04,179500.0,190000.0,190000.0,179500.0,133235
2015-09-07,174500.0,184500.0,185000.0,173000.0,54199
2015-09-08,175500.0,179000.0,179000.0,171500.0,58992
2015-09-09,183000.0,176000.0,183500.0,176000.0,67987
2015-09-10,191000.0,181500.0,191000.0,180500.0,68702
2015-09-11,185500.0,190000.0,194000.0,185500.0,64993
2015-09-14,188500.0,186000.0,191500.0,185000.0,31741
2015-09-15,186500.0,190000.0,191500.0,185500.0,25254
2015-09-16,187500.0,190000.0,190500.0,186500.0,21573
2015-09-17,185500.0,187000.0,187500.0,177000.0,46669
2015-09-18,184000.0,185500.0,190000.0,184000.0,61419
2015-09-21,189500.0,183500.0,189500.0,183000.0,54383
2015-09-22,195000.0,190000.0,195000.0,187000.0,60477
2015-09-23,188500.0,192000.0,193500.0,187000.0,28957
2015-09-24,194500.0,191000.0,196000.0,187500.0,46315
2015-09-25,193500.0,193500.0,196500.0,190000.0,45562
2015-09-30,199500.0,190000.0,199500.0,190000.0,59396
2015-10-01,204000.0,196500.0,205000.0,196500.0,49590
2015-10-02,199500.0,206000.0,206000.0,199500.0,23493
2015-10-05,202500.0,201000.0,208000.0,201000.0,35814
2015-10-06,204500.0,206000.0,206000.0,203500.0,29857
2015-10-07,198000.0,201500.0,205000.0,197000.0,24944
2015-10-08,202000.0,201000.0,204500.0,197500.0,58736
2015-10-12,207500.0,202000.0,208000.0,202000.0,45814
2015-10-13,204000.0,208000.0,208000.0,203000.0,33859
2015-10-14,205000.0,204000.0,205000.0,199000.0,30275
2015-10-15,199000.0,204000.0,204000.0,197500.0,33622
2015-10-16,203000.0,200500.0,204000.0,200000.0,27543
2015-10-19,198500.0,202500.0,203500.0,196000.0,32217
2015-10-20,204500.0,198500.0,205000.0,196500.0,33419
2015-10-21,202000.0,204000.0,204500.0,198000.0,45059
2015-10-22,198000.0,200500.0,203000.0,193000.0,38876
2015-10-23,199000.0,201000.0,204000.0,198500.0,26210
2015-10-26,205000.0,201000.0,205000.0,201000.0,29902
2015-10-27,198000.0,205000.0,205000.0,196500.0,35444
2015-10-28,200000.0,199000.0,200500.0,195500.0,19699
2015-10-29,196000.0,197500.0,197500.0,194000.0,28404
2015-10-30,195000.0,194000.0,197500.0,191500.0,29876
2015-11-02,187000.0,193000.0,195500.0,187000.0,32907
2015-11-03,195500.0,189000.0,199500.0,188000.0,46394
2015-11-04,197500.0,196000.0,198000.0,193500.0,19877
2015-11-05,195500.0,196000.0,197500.0,192000.0,17019
2015-11-06,196500.0,194500.0,199000.0,192500.0,21037
2015-11-09,192000.0,194000.0,195500.0,192000.0,11410
2015-11-10,192500.0,190500.0,194500.0,189000.0,35928
2015-11-11,193000.0,190000.0,195000.0,189000.0,22693
2015-11-12,193500.0,193000.0,195500.0,190000.0,18465
2015-11-13,189000.0,191000.0,193500.0,186500.0,25938
2015-11-16,191000.0,187000.0,193000.0,185000.0,23167
2015-11-17,187500.0,191000.0,191000.0,187500.0,20124
2015-11-18,188500.0,187500.0,190000.0,187000.0,16598
2015-11-19,184500.0,188500.0,189000.0,184000.0,26194
2015-11-20,187500.0,185000.0,188500.0,184500.0,16670
2015-11-23,191500.0,189000.0,193500.0,189000.0,21441
2015-11-24,191500.0,191000.0,192500.0,189500.0,12960
2015-11-25,193000.0,189500.0,193500.0,189000.0,26404
2015-11-26,194000.0,193000.0,195000.0,191500.0,16521
2015-11-27,193000.0,194500.0,194500.0,191500.0,13473
2015-11-30,192500.0,191000.0,194000.0,187500.0,41894
2015-12-01,193500.0,192000.0,196000.0,192000.0,17105
2015-12-02,196000.0,192000.0,197000.0,191500.0,17253
2015-12-03,190000.0,196000.0,197000.0,190000.0,27756
2015-12-04,188000.0,190000.0,192000.0,188000.0,12681
2015-12-07,184500.0,188000.0,189500.0,184000.0,30170
2015-12-08,185000.0,185500.0,186000.0,182000.0,25623
2015-12-09,185000.0,187000.0,187000.0,183000.0,12779
2015-12-10,187000.0,186000.0,191000.0,186000.0,28861
2015-12-11,190000.0,187000.0,191000.0,187000.0,14784
2015-12-14,187500.0,189000.0,191000.0,185500.0,14624
2015-12-15,190000.0,190500.0,191000.0,188000.0,15252
2015-12-16,185500.0,189000.0,189000.0,185500.0,184354
2015-12-17,184000.0,187000.0,188000.0,183000.0,46242
2015-12-18,184500.0,184500.0,186000.0,182500.0,44005
2015-12-21,186500.0,185000.0,186500.0,184000.0,28722
2015-12-22,186000.0,185500.0,186500.0,184000.0,16885
2015-12-23,189500.0,185500.0,189500.0,184500.0,26618
2015-12-24,188000.0,190000.0,191000.0,188000.0,21803
2015-12-28,187500.0,191000.0,191000.0,187500.0,32695
2015-12-29,192000.0,186000.0,193000.0,186000.0,25242
2015-12-30,191000.0,192000.0,192500.0,190000.0,21002
2016-01-04,185000.0,189000.0,190500.0,185000.0,31606
2016-01-05,200000.0,185000.0,201000.0,183500.0,101763
2016-01-06,204500.0,200500.0,209000.0,200500.0,63583
2016-01-07,197500.0,203500.0,203500.0,196500.0,52582
2016-01-08,201500.0,199500.0,202000.0,195000.0,35066
2016-01-11,202500.0,201000.0,205000.0,199500.0,44416
2016-01-12,200000.0,203000.0,205000.0,199500.0,31638
2016-01-13,206500.0,201500.0,209000.0,200500.0,38941
2016-01-14,202500.0,205500.0,205500.0,199500.0,26704
2016-01-15,206000.0,206000.0,215000.0,205000.0,52520
2016-01-18,202000.0,208500.0,210000.0,200500.0,43907
2016-01-19,204000.0,203000.0,204500.0,197500.0,28789
2016-01-20,206000.0,206000.0,208000.0,198000.0,36181
2016-01-21,198500.0,209000.0,209000.0,198000.0,48085
2016-01-22,205500.0,199000.0,206000.0,199000.0,35160
2016-01-25,210500.0,206500.0,213000.0,204000.0,46352
2016-01-26,209500.0,211000.0,211000.0,201500.0,36125
2016-01-27,215500.0,212000.0,220500.0,210000.0,58735
2016-01-28,216000.0,214500.0,217500.0,212500.0,36969
2016-01-29,220000.0,217000.0,224500.0,214000.0,51671
2016-02-01,227500.0,226500.0,231000.0,222500.0,57212
2016-02-02,223000.0,225000.0,227000.0,222000.0,35506
2016-02-03,216000.0,223000.0,223000.0,215500.0,29404
2016-02-04,215500.0,218000.0,221000.0,207000.0,72233
2016-02-05,209000.0,215500.0,215500.0,205000.0,103123
2016-02-11,201500.0,206000.0,207500.0,201000.0,45447
2016-02-12,197500.0,201500.0,203000.0,190500.0,68316
2016-02-15,204500.0,200000.0,205500.0,195500.0,45083
2016-02-16,204500.0,206000.0,206500.0,201500.0,28749
2016-02-17,197000.0,202000.0,204000.0,194500.0,56526
2016-02-18,199000.0,199000.0,200500.0,196000.0,56371
2016-02-19,198500.0,198500.0,202500.0,197000.0,30781
2016-02-22,203000.0,198000.0,205000.0,196500.0,28810
2016-02-23,204500.0,206000.0,206500.0,200000.0,36934
2016-02-24,200000.0,204500.0,205000.0,199500.0,20828
2016-02-25,203000.0,201500.0,203000.0,198000.0,34965
2016-02-26,198000.0,202000.0,203500.0,195500.0,53555
2016-02-29,195500.0,200500.0,200500.0,193500.0,59992
2016-03-02,199000.0,196000.0,199000.0,195000.0,40768
2016-03-03,198500.0,198500.0,199500.0,195000.0,37449
2016-03-04,194500.0,197000.0,198000.0,194000.0,45871
2016-03-07,193500.0,195500.0,195500.0,192000.0,32402
2016-03-08,193500.0,193500.0,194500.0,189000.0,35885
2016-03-09,194500.0,192000.0,194500.0,192000.0,21190
2016-03-10,194500.0,194500.0,194500.0,192000.0,33890
2016-03-11,194500.0,194500.0,196000.0,193000.0,22609
2016-03-14,191000.0,194000.0,194000.0,190500.0,37255
2016-03-15,190500.0,191000.0,192000.0,190000.0,19862
2016-03-16,188500.0,191000.0,191500.0,188000.0,38265
2016-03-17,189500.0,190000.0,193000.0,189000.0,35557
2016-03-18,188500.0,189000.0,190500.0,186500.0,40481
2016-03-21,187000.0,187500.0,188000.0,183000.0,42125
2016-03-22,189500.0,187000.0,190500.0,184000.0,40976
2016-03-23,196000.0,190000.0,197500.0,189500.0,71448
2016-03-24,191000.0,195000.0,197500.0,191000.0,33614
2016-03-25,192500.0,191000.0,193500.0,188500.0,23421
2016-03-28,193000.0,192500.0,195000.0,191500.0,19356
2016-03-29,190000.0,194000.0,194500.0,187500.0,29693
2016-03-30,188000.0,191500.0,192500.0,187000.0,34466
2016-03-31,190000.0,188000.0,191500.0,186000.0,43833
2016-04-01,187000.0,190000.0,192000.0,187000.0,36339
2016-04-04,192000.0,185500.0,192500.0,185500.0,27957
2016-04-05,186000.0,190000.0,191000.0,183500.0,52399
2016-04-06,185000.0,184500.0,186500.0,184000.0,54279
2016-04-07,188000.0,184500.0,189000.0,183000.0,43422
2016-04-08,193000.0,188000.0,194000.0,185500.0,37199
2016-04-11,192000.0,192000.0,194500.0,190000.0,35405
2016-04-12,190000.0,191000.0,192000.0,189000.0,23614
2016-04-14,189000.0,188500.0,191500.0,187000.0,38849
2016-04-15,188000.0,187000.0,190000.0,187000.0,24126
2016-04-18,191500.0,188000.0,192500.0,187500.0,46314
2016-04-19,192500.0,190500.0,194500.0,190500.0,38784
2016-04-20,189000.0,194000.0,194000.0,188500.0,49084
2016-04-21,190000.0,189500.0,192000.0,188500.0,27107
2016-04-22,189500.0,188500.0,189500.0,188500.0,18650
2016-04-25,193000.0,189000.0,193500.0,189000.0,47746
2016-04-26,192500.0,193000.0,193000.0,190500.0,25213
2016-04-27,194000.0,189500.0,194500.0,189000.0,27917
2016-04-28,197000.0,194000.0,197000.0,191000.0,48575
2016-04-29,194500.0,197000.0,197000.0,193500.0,45529
2016-05-02,196000.0,195000.0,197000.0,194500.0,34918
2016-05-03,204500.0,196500.0,206000.0,196000.0,110620
2016-05-04,206000.0,203000.0,208500.0,202000.0,63713
2016-05-09,208000.0,207500.0,210500.0,205500.0,47750
2016-05-10,208000.0,206000.0,208500.0,202000.0,35819
2016-05-11,202500.0,206000.0,206500.0,201500.0,44903
2016-05-12,203000.0,202000.0,205500.0,200500.0,23207
2016-05-13,201500.0,202000.0,204500.0,200500.0,31003
2016-05-16,210500.0,200000.0,210500.0,200000.0,47067
2016-05-17,210500.0,208000.0,210500.0,206000.0,45899
2016-05-18,210500.0,210000.0,211000.0,207000.0,37893
2016-05-19,207500.0,211000.0,211500.0,205000.0,40714
2016-05-20,211000.0,207500.0,212000.0,205000.0,42670
2016-05-23,206000.0,210000.0,210000.0,205000.0,37563
2016-05-24,207000.0,205000.0,210000.0,205000.0,32061
2016-05-25,209500.0,212000.0,212000.0,206000.0,28901
2016-05-26,209000.0,210000.0,210500.0,207000.0,16703
2016-05-27,210500.0,210500.0,210500.0,206500.0,17686
2016-05-30,210000.0,210500.0,211500.0,208500.0,24785
2016-05-31,214000.0,208500.0,218500.0,208500.0,107832
2016-06-01,210500.0,212500.0,214000.0,209000.0,27968
2016-06-02,207000.0,209500.0,211000.0,207000.0,30713
2016-06-03,215000.0,207000.0,216500.0,207000.0,42227
2016-06-07,220000.0,215000.0,222500.0,215000.0,30331
2016-06-08,224500.0,217000.0,227000.0,213500.0,57539
2016-06-09,219000.0,225500.0,225500.0,219000.0,47386
2016-06-10,228500.0,222000.0,234000.0,220000.0,75643
2016-06-13,226000.0,232500.0,232500.0,224000.0,40516
2016-06-14,223500.0,224000.0,226500.0,222000.0,32226
2016-06-15,219500.0,220500.0,222500.0,216500.0,46930
2016-06-16,217000.0,218500.0,220000.0,215000.0,30108
2016-06-17,221000.0,218000.0,222500.0,216000.0,23996
2016-06-20,222500.0,225000.0,225500.0,219000.0,18345
2016-06-21,218000.0,219000.0,221000.0,217000.0,22474
2016-06-22,218000.0,217000.0,218000.0,214000.0,20374
2016-06-23,217500.0,215500.0,218000.0,214500.0,15190
2016-06-24,210000.0,215000.0,216500.0,205000.0,44498
2016-06-27,213000.0,204000.0,213500.0,204000.0,26288
2016-06-28,211000.0,210000.0,214000.0,206500.0,21331
2016-06-29,211500.0,210000.0,214500.0,209000.0,23954
2016-06-30,217000.0,212500.0,217500.0,211500.0,28051
2016-07-01,218000.0,215000.0,220000.0,215000.0,22075
2016-07-04,215000.0,216000.0,216000.0,214000.0,14047
2016-07-05,216500.0,214000.0,217500.0,211500.0,19102
2016-07-06,209000.0,218000.0,218000.0,207500.0,53776
2016-07-07,213500.0,208500.0,215500.0,208500.0,19896
2016-07-08,219000.0,211500.0,219500.0,211500.0,35341
2016-07-11,228500.0,221000.0,229500.0,220000.0,39983
2016-07-12,223500.0,225500.0,230500.0,221500.0,35573
2016-07-13,224000.0,224000.0,229500.0,222500.0,24001
2016-07-14,224000.0,228000.0,228000.0,219500.0,24681
2016-07-15,222000.0,224000.0,228500.0,221500.0,29558
2016-07-18,221000.0,220000.0,224000.0,219000.0,21229
2016-07-19,220500.0,221000.0,222500.0,217500.0,19345
2016-07-20,218000.0,218500.0,218500.0,214000.0,28963
2016-07-21,219000.0,218000.0,219500.0,214000.0,24077
2016-07-22,215000.0,219500.0,219500.0,215000.0,21959
2016-07-25,215500.0,215500.0,218500.0,213000.0,17711
2016-07-26,216500.0,215500.0,217500.0,214500.0,17124
2016-07-27,215500.0,216500.0,217500.0,214500.0,22636
2016-07-28,210000.0,215500.0,216000.0,208000.0,42759
2016-07-29,200500.0,209500.0,209500.0,198500.0,89591
2016-08-01,202500.0,201000.0,203500.0,199000.0,55696
2016-08-02,212500.0,201500.0,214000.0,201500.0,74667
2016-08-03,212500.0,210500.0,213000.0,210500.0,30059
2016-08-04,214000.0,214000.0,216500.0,209000.0,41120
2016-08-05,212000.0,213000.0,219500.0,209500.0,43904
2016-08-08,215500.0,213500.0,216500.0,212000.0,31020
2016-08-09,217500.0,217000.0,217500.0,214000.0,22730
2016-08-10,220000.0,216000.0,220500.0,215500.0,36034
2016-08-11,217000.0,219000.0,219000.0,213500.0,31981
2016-08-12,217000.0,217000.0,219500.0,214500.0,23831
2016-08-16,210500.0,218500.0,218500.0,210500.0,35223
2016-08-17,212500.0,211000.0,213000.0,206000.0,38397
2016-08-18,207000.0,212000.0,212500.0,206000.0,26943
2016-08-19,203000.0,207000.0,207000.0,202500.0,40196
2016-08-22,202500.0,201000.0,203500.0,199000.0,31588
2016-08-23,209000.0,202000.0,210000.0,201000.0,48419
2016-08-24,209500.0,208000.0,209500.0,205500.0,28534
2016-08-25,207500.0,210000.0,212500.0,206000.0,30803
2016-08-26,208000.0,206000.0,209000.0,206000.0,19436
2016-08-29,206500.0,208000.0,209000.0,204000.0,25595
2016-08-30,206500.0,205500.0,209000.0,205500.0,15458
2016-08-31,201000.0,208000.0,208000.0,200500.0,39438
2016-09-01,197500.0,203000.0,204000.0,196000.0,77279
2016-09-02,201500.0,198500.0,201500.0,197000.0,36360
2016-09-05,202500.0,202500.0,203500.0,201000.0,21183
2016-09-06,200000.0,202500.0,203000.0,199500.0,31618
2016-09-07,200000.0,201000.0,201000.0,197500.0,47177
2016-09-08,199000.0,200000.0,203500.0,199000.0,35877
2016-09-09,201500.0,202000.0,204000.0,199500.0,37223
2016-09-12,201500.0,201500.0,202500.0,199000.0,27534
2016-09-13,201500.0,201500.0,203000.0,200000.0,36182
2016-09-19,202500.0,199500.0,203000.0,199000.0,23749
2016-09-20,204500.0,200500.0,205000.0,199000.0,33972
2016-09-21,205500.0,204500.0,205500.0,202000.0,23570
2016-09-22,206500.0,205500.0,207000.0,204000.0,33996
2016-09-23,209000.0,209000.0,209500.0,206500.0,21204
2016-09-26,214500.0,209000.0,215500.0,209000.0,45189
2016-09-27,221000.0,215000.0,222000.0,213000.0,58249
2016-09-28,218500.0,221000.0,224000.0,217500.0,44415
2016-09-29,217000.0,218500.0,221500.0,214500.0,29017
2016-09-30,215500.0,217000.0,219500.0,212500.0,29883
2016-10-04,213000.0,214000.0,216500.0,212500.0,17119
2016-10-05,211500.0,212500.0,214500.0,209500.0,27561
2016-10-06,212500.0,213000.0,214000.0,209500.0,19296
2016-10-07,210000.0,210500.0,212000.0,208500.0,29500
2016-10-10,211000.0,213000.0,214500.0,208500.0,29336
2016-10-11,210000.0,213500.0,214500.0,210000.0,28733
2016-10-12,213500.0,212500.0,214000.0,210000.0,32742
2016-10-13,213000.0,212000.0,215000.0,211000.0,23785
2016-10-14,212500.0,212500.0,215500.0,212000.0,22613
2016-10-17,212500.0,212500.0,213000.0,207000.0,35360
2016-10-18,214000.0,212500.0,214000.0,210500.0,17199
2016-10-19,211000.0,213000.0,214500.0,210000.0,14950
2016-10-20,213000.0,210000.0,213500.0,209500.0,13885
2016-10-21,211500.0,213000.0,215500.0,210000.0,25986
2016-10-24,212000.0,210500.0,212500.0,209500.0,15275
2016-10-25,211500.0,211500.0,212000.0,210000.0,38462
2016-10-26,210000.0,210500.0,211500.0,207500.0,29103
2016-10-27,210000.0,209500.0,210500.0,208500.0,18229
2016-10-28,205500.0,209000.0,209500.0,205000.0,27108
2016-10-31,201000.0,203500.0,205500.0,200500.0,45079
2016-11-01,206000.0,202000.0,207000.0,201500.0,23610
2016-11-02,201000.0,208500.0,208500.0,200000.0,45402
2016-11-03,204000.0,200000.0,204500.0,195500.0,38157
2016-11-04,206000.0,204000.0,206500.0,202000.0,26676
2016-11-07,203000.0,207500.0,207500.0,201000.0,20630
2016-11-08,199500.0,204000.0,204000.0,197000.0,36915
2016-11-09,196500.0,199500.0,200000.0,191000.0,45252
2016-11-10,197500.0,198500.0,199000.0,195000.0,43168
2016-11-11,190500.0,198000.0,198500.0,189000.0,65169
2016-11-14,190500.0,190000.0,191500.0,187500.0,42664
2016-11-15,188500.0,190500.0,191000.0,188000.0,36738
2016-11-16,190500.0,190000.0,192500.0,188500.0,39736
2016-11-17,187500.0,190000.0,190500.0,187000.0,52912
2016-11-18,193000.0,188000.0,193000.0,186500.0,31169
2016-11-21,194500.0,195000.0,195000.0,191500.0,54916
2016-11-22,197000.0,196000.0,199000.0,192000.0,54825
2016-11-23,193500.0,194000.0,197000.0,193000.0,30931
2016-11-24,194000.0,192500.0,195000.0,191500.0,42376
2016-11-25,189000.0,195000.0,195000.0,188500.0,38574
2016-11-28,187000.0,189000.0,190000.0,186500.0,45400
2016-11-29,185000.0,187000.0,188000.0,184000.0,41931
2016-11-30,184000.0,187000.0,187000.0,182500.0,109628
2016-12-01,178000.0,184500.0,185000.0,178000.0,45065
2016-12-02,178500.0,178500.0,180500.0,173000.0,47063
2016-12-05,182000.0,178500.0,183500.0,176500.0,37562
2016-12-06,181500.0,184000.0,184000.0,179000.0,41957
2016-12-07,184500.0,183000.0,184500.0,179000.0,35285
2016-12-08,188000.0,185000.0,188000.0,182000.0,46031
2016-12-09,186500.0,188000.0,188000.0,185000.0,36944
2016-12-12,182000.0,188000.0,188000.0,182000.0,19204
2016-12-13,182500.0,182500.0,183500.0,182000.0,18020
2016-12-14,182500.0,183000.0,184000.0,181500.0,19280
2016-12-15,182500.0,181000.0,184000.0,181000.0,22494
2016-12-16,180000.0,182500.0,183000.0,179000.0,34748
2016-12-19,179000.0,180500.0,181000.0,178500.0,17186
2016-12-20,179500.0,179500.0,180500.0,178500.0,18436
2016-12-21,178000.0,179000.0,180000.0,177000.0,27061
2016-12-22,178500.0,178000.0,179000.0,176000.0,24515
2016-12-23,179500.0,177500.0,181000.0,176500.0,17325
2016-12-26,177000.0,179500.0,181000.0,175500.0,29721
2016-12-27,177000.0,178500.0,179500.0,175500.0,31421
2016-12-28,175500.0,176000.0,177500.0,174500.0,26775
2016-12-29,179000.0,176000.0,179500.0,174000.0,26928
2017-01-02,179500.0,177500.0,180500.0,177500.0,22044
2017-01-03,176500.0,179500.0,181000.0,176000.0,35591
2017-01-04,175500.0,176500.0,178000.0,174000.0,45309
2017-01-05,175500.0,176000.0,176000.0,173500.0,44590
2017-01-06,177500.0,175500.0,177500.0,174000.0,25870
2017-01-09,171500.0,176000.0,177500.0,171000.0,49083
2017-01-10,168000.0,171500.0,171500.0,166000.0,65054
2017-01-11,165500.0,167500.0,171000.0,165000.0,58968
2017-01-12,164000.0,164500.0,167000.0,163500.0,72573
2017-01-13,164000.0,163500.0,166000.0,163000.0,51458
2017-01-16,166500.0,165500.0,169500.0,165000.0,66794
2017-01-17,167000.0,167000.0,168500.0,166000.0,35536
2017-01-18,166500.0,169000.0,169000.0,166500.0,40507
2017-01-19,169500.0,166500.0,171000.0,166500.0,70843
2017-01-20,170500.0,169500.0,174000.0,169500.0,70772
2017-01-23,172000.0,171500.0,173000.0,169500.0,41699
2017-01-24,167000.0,173000.0,173000.0,167000.0,54346
2017-01-25,165500.0,167500.0,168000.0,163500.0,34161
2017-01-26,162500.0,165500.0,166000.0,161000.0,58802
2017-01-31,163000.0,161000.0,163000.0,160500.0,30339
2017-02-01,160000.0,163500.0,163500.0,159000.0,51618
2017-02-02,155500.0,160000.0,161000.0,155000.0,87857
2017-02-03,155500.0,155000.0,157500.0,155000.0,55625
2017-02-06,158500.0,157000.0,159000.0,155500.0,35982
2017-02-07,158000.0,159500.0,159500.0,157000.0,45619
2017-02-08,158500.0,158000.0,159500.0,156000.0,50215
2017-02-09,159500.0,159000.0,160500.0,156500.0,66218
2017-02-10,156500.0,161000.0,161000.0,156000.0,55507
2017-02-13,156000.0,157500.0,158000.0,155000.0,46005
2017-02-14,156500.0,157000.0,157500.0,155000.0,42715
2017-02-15,169000.0,157500.0,169500.0,157000.0,190723
2017-02-16,170500.0,169500.0,171000.0,166500.0,98341
2017-02-17,168000.0,169000.0,169500.0,166000.0,49831
2017-02-20,167500.0,167000.0,168000.0,166000.0,26956
2017-02-21,168500.0,167500.0,169000.0,164500.0,57179
2017-02-22,170000.0,167000.0,170000.0,166000.0,49957
2017-02-23,169000.0,170500.0,170500.0,167500.0,38626
2017-02-24,169500.0,169000.0,169500.0,167000.0,29537
2017-02-27,171000.0,171000.0,171000.0,168500.0,30973
2017-02-28,172500.0,171000.0,172500.0,166500.0,55009
2017-03-02,171000.0,173500.0,174500.0,169000.0,52849
2017-03-03,166000.0,170000.0,170000.0,165500.0,48451
2017-03-06,163000.0,166000.0,166000.0,157500.0,82223
2017-03-07,161000.0,163500.0,164000.0,160500.0,43813
2017-03-08,167000.0,163000.0,169000.0,163000.0,58172
2017-03-09,166000.0,167000.0,167000.0,164500.0,31916
2017-03-10,165500.0,165000.0,166000.0,162500.0,36551
2017-03-13,167500.0,165000.0,168500.0,163500.0,40232
2017-03-14,164000.0,167500.0,167500.0,163500.0,35143
2017-03-15,163500.0,164000.0,164500.0,162000.0,20492
2017-03-16,164000.0,162500.0,166500.0,161500.0,32417
2017-03-17,164500.0,164500.0,164500.0,162000.0,21638
2017-03-20,162500.0,163500.0,165000.0,162000.0,13824
2017-03-21,164000.0,164000.0,166000.0,163000.0,27045
2017-03-22,160000.0,164500.0,165500.0,158500.0,46552
2017-03-23,165500.0,161000.0,166000.0,160000.0,43260
2017-03-24,171000.0,166000.0,172500.0,165500.0,79115
2017-03-27,168000.0,172000.0,174000.0,167000.0,41259
2017-03-28,170000.0,169000.0,170000.0,168000.0,24696
2017-03-29,169000.0,171000.0,173000.0,168500.0,33408
2017-03-30,168000.0,169000.0,169000.0,165500.0,28636
2017-03-31,166500.0,167500.0,167500.0,165500.0,23697
2017-04-03,167000.0,165500.0,167500.0,164000.0,31550
2017-04-04,164000.0,166000.0,166500.0,162500.0,46696
2017-04-05,161000.0,164000.0,164000.0,160000.0,59777
2017-04-06,161000.0,161000.0,162500.0,159000.0,53483
2017-04-07,162000.0,162000.0,163000.0,161000.0,20946
2017-04-10,160000.0,161500.0,162000.0,159000.0,20042
2017-04-11,159500.0,159000.0,160500.0,158000.0,22295
2017-04-12,160000.0,160000.0,160500.0,158000.0,31202
2017-04-13,160500.0,160500.0,161500.0,158500.0,27765
2017-04-14,158000.0,160000.0,160000.0,158000.0,24906
2017-04-17,161500.0,159500.0,162000.0,158500.0,23851
2017-04-18,160000.0,162500.0,162500.0,160000.0,25136
2017-04-19,160000.0,159500.0,161000.0,159000.0,26534
2017-04-20,160000.0,160000.0,161500.0,159000.0,80220
2017-04-21,169500.0,160500.0,170000.0,160500.0,107319
2017-04-24,170000.0,169000.0,173000.0,167500.0,61925
2017-04-25,170500.0,170500.0,171000.0,169000.0,32699
2017-04-26,166500.0,171000.0,171000.0,165000.0,93115
2017-04-27,166500.0,167500.0,169000.0,165500.0,39983
2017-04-28,166500.0,165000.0,167500.0,165000.0,30029
2017-05-02,168000.0,166500.0,169500.0,166500.0,48300
2017-05-04,168000.0,167000.0,171000.0,167000.0,41962
2017-05-08,172000.0,168500.0,172000.0,167500.0,62651
2017-05-10,178500.0,172000.0,179000.0,171500.0,133117
2017-05-11,184000.0,178500.0,184000.0,175000.0,148838
2017-05-12,178500.0,183000.0,183000.0,177000.0,57388
2017-05-15,176500.0,178500.0,179500.0,176000.0,40147
2017-05-16,179500.0,178000.0,184000.0,177000.0,102999
2017-05-17,178000.0,180000.0,180500.0,176500.0,87196
2017-05-18,176500.0,178000.0,179000.0,175000.0,34509
2017-05-19,179000.0,178500.0,180000.0,176500.0,32490
2017-05-22,180500.0,180000.0,182000.0,179000.0,40295
2017-05-23,180500.0,180500.0,182000.0,178500.0,41470
2017-05-24,181000.0,181500.0,183000.0,180500.0,41072
2017-05-25,186000.0,181000.0,186000.0,180500.0,102245
2017-05-26,192000.0,187500.0,192000.0,187500.0,105260
2017-05-29,186500.0,190500.0,191500.0,186500.0,53749
2017-05-30,188000.0,187000.0,190000.0,186500.0,31718
2017-05-31,192500.0,188000.0,193000.0,186500.0,111185
2017-06-01,192000.0,192500.0,192500.0,188500.0,53189
2017-06-02,199500.0,192000.0,199500.0,192000.0,76373
2017-06-05,198500.0,199500.0,199500.0,196000.0,35346
2017-06-07,197500.0,196000.0,200000.0,195500.0,41672
2017-06-08,195500.0,199000.0,199000.0,193500.0,51295
2017-06-09,196000.0,196000.0,196500.0,193000.0,21010
2017-06-12,192500.0,194500.0,197000.0,190500.0,29180
2017-06-13,197000.0,192000.0,197000.0,192000.0,25555
2017-06-14,194000.0,195000.0,197000.0,193000.0,25927
2017-06-15,193500.0,192000.0,196000.0,191500.0,22746
2017-06-16,193500.0,193000.0,194000.0,192000.0,24957
2017-06-19,191000.0,192500.0,195000.0,189500.0,19330
2017-06-20,186500.0,189500.0,191000.0,185500.0,47872
2017-06-21,189500.0,187000.0,190500.0,184500.0,31201
2017-06-22,186500.0,188000.0,189000.0,184000.0,35468
2017-06-23,188000.0,188500.0,189000.0,185000.0,27111
2017-06-26,188000.0,189500.0,191500.0,186000.0,46891
2017-06-27,182000.0,186500.0,187500.0,182000.0,45776
2017-06-28,182000.0,182500.0,182500.0,181500.0,24156
2017-06-29,179000.0,182500.0,182500.0,178500.0,51327
2017-06-30,180500.0,179500.0,181000.0,179000.0,42052
2017-07-03,182500.0,181500.0,183000.0,180500.0,41557
2017-07-04,181500.0,182500.0,182500.0,179500.0,18108
2017-07-05,180000.0,179500.0,181500.0,179000.0,19982
2017-07-06,180000.0,180000.0,183500.0,179500.0,30196
2017-07-07,181000.0,179000.0,184500.0,178500.0,41749
2017-07-10,178500.0,180000.0,181500.0,178000.0,32131
2017-07-11,178500.0,178500.0,180000.0,178000.0,16605
2017-07-12,179000.0,178500.0,180500.0,178500.0,25782
2017-07-13,178500.0,180500.0,180500.0,178500.0,41583
2017-07-14,180000.0,179000.0,182000.0,178000.0,40459
2017-07-17,180000.0,181500.0,184500.0,179500.0,34357
2017-07-18,184000.0,181500.0,184000.0,180000.0,38709
2017-07-19,181000.0,185000.0,185000.0,180000.0,45078
2017-07-20,178500.0,181500.0,181500.0,177500.0,59473
2017-07-21,176000.0,178000.0,179000.0,175500.0,40432
2017-07-24,179500.0,177500.0,180500.0,177000.0,18777
2017-07-25,180000.0,180000.0,181000.0,178500.0,23422
2017-07-26,181000.0,181500.0,181500.0,180000.0,24218
2017-07-27,183500.0,181500.0,183500.0,180500.0,26063
2017-07-28,184000.0,182000.0,185000.0,182000.0,36922
2017-07-31,186500.0,185500.0,188000.0,184000.0,32315
2017-08-01,183500.0,186500.0,187000.0,182500.0,33147
2017-08-02,181000.0,183000.0,183500.0,180500.0,31981
2017-08-03,182000.0,181000.0,182500.0,178500.0,39088
2017-08-04,185000.0,182000.0,186500.0,182000.0,49315
2017-08-07,180000.0,185500.0,185500.0,178000.0,80388
2017-08-08,172000.0,179000.0,181000.0,171000.0,146438
2017-08-09,171000.0,170000.0,173500.0,170000.0,38455
2017-08-10,174000.0,171000.0,174000.0,170500.0,30575
2017-08-11,168500.0,170500.0,173500.0,167500.0,37694
2017-08-14,169000.0,168500.0,171000.0,168500.0,15011
2017-08-16,169500.0,170500.0,172000.0,169000.0,23765
2017-08-17,171500.0,169000.0,172000.0,168500.0,28040
2017-08-18,170000.0,170000.0,171500.0,169500.0,20917
2017-08-21,168500.0,169500.0,170000.0,167000.0,24898
2017-08-22,168500.0,169000.0,170500.0,168000.0,15810
2017-08-23,167500.0,168000.0,169500.0,166500.0,23884
2017-08-24,167000.0,167000.0,168500.0,166500.0,19803
2017-08-25,165500.0,167000.0,167000.0,164000.0,39943
2017-08-28,167000.0,165500.0,168000.0,165000.0,29786
2017-08-29,166500.0,167500.0,167500.0,164000.0,28460
2017-08-30,170000.0,165000.0,170000.0,165000.0,28714
2017-08-31,169000.0,169500.0,170500.0,168000.0,18002
2017-09-01,166000.0,168500.0,168500.0,165500.0,20090
2017-09-04,165000.0,164500.0,166000.0,164500.0,21247
2017-09-05,166500.0,165500.0,167000.0,165000.0,13130
2017-09-06,166000.0,166500.0,166500.0,165000.0,38215
2017-09-07,166500.0,167000.0,168000.0,165500.0,12030
2017-09-08,166000.0,167500.0,168000.0,165000.0,13459
2017-09-11,167500.0,167000.0,171000.0,166500.0,41196
2017-09-12,166000.0,168500.0,170000.0,165500.0,23331
2017-09-13,164500.0,166000.0,166500.0,163500.0,26990
2017-09-14,163500.0,163500.0,165000.0,162000.0,33516
2017-09-15,162500.0,164000.0,164500.0,161500.0,42270
2017-09-18,161500.0,162500.0,162500.0,161000.0,35512
2017-09-19,162000.0,161000.0,162500.0,161000.0,25542
2017-09-20,159500.0,162500.0,163000.0,159000.0,32075
2017-09-21,157000.0,159500.0,160500.0,156500.0,51155
2017-09-22,157000.0,156000.0,159000.0,156000.0,36872
2017-09-25,152000.0,157500.0,158000.0,150500.0,66749
2017-09-26,154000.0,152000.0,154500.0,151000.0,59540
2017-09-27,160000.0,155000.0,160000.0,154500.0,72153
2017-09-28,160000.0,160000.0,161000.0,157000.0,39601
2017-09-29,163500.0,161000.0,163500.0,160000.0,37193
2017-10-10,166500.0,163500.0,168000.0,163500.0,50431
2017-10-11,166500.0,165000.0,167000.0,164000.0,87197
2017-10-12,165500.0,165500.0,166000.0,164500.0,28296
2017-10-13,164000.0,164500.0,165500.0,161500.0,35224
2017-10-16,164000.0,164000.0,165000.0,162000.0,19888
2017-10-17,162000.0,163500.0,164500.0,161000.0,23863
2017-10-18,161500.0,162000.0,164000.0,161000.0,19948
2017-10-19,162500.0,162000.0,166000.0,161500.0,27159
2017-10-20,163000.0,162500.0,163000.0,161500.0,25366
2017-10-23,161500.0,162500.0,163000.0,161000.0,20325
2017-10-24,161000.0,161500.0,162000.0,160500.0,17498
2017-10-25,157500.0,161000.0,162000.0,157000.0,74706
2017-10-26,160500.0,157000.0,160500.0,156500.0,46246
2017-10-27,161000.0,159500.0,162500.0,159500.0,31194
2017-10-30,158000.0,161500.0,161500.0,157000.0,29272
2017-10-31,157000.0,158000.0,159000.0,156500.0,39647
2017-11-01,155500.0,156500.0,157500.0,155000.0,37702
2017-11-02,154500.0,154500.0,156000.0,153500.0,42446
2017-11-03,157500.0,155500.0,158500.0,155500.0,28737
2017-11-06,157000.0,156500.0,157500.0,155000.0,20386
2017-11-07,158500.0,156000.0,159000.0,156000.0,25311
2017-11-08,156500.0,158000.0,160000.0,155500.0,53011
2017-11-09,154000.0,156500.0,157000.0,153500.0,68101
2017-11-10,151500.0,154000.0,154500.0,151000.0,55222
2017-11-13,153000.0,151500.0,154500.0,151500.0,33329
2017-11-14,154500.0,153000.0,155000.0,152000.0,28711
2017-11-15,152000.0,154000.0,154500.0,151500.0,31599
2017-11-16,152000.0,152500.0,152500.0,150500.0,46952
2017-11-17,154000.0,153000.0,155500.0,153000.0,61441
2017-11-20,155000.0,155000.0,156500.0,154500.0,41450
2017-11-21,153500.0,155500.0,155500.0,153000.0,23742
2017-11-22,151500.0,153500.0,153500.0,151000.0,29680
2017-11-23,151000.0,151500.0,152000.0,151000.0,21280
2017-11-24,150500.0,152000.0,152000.0,149500.0,58236
2017-11-27,150000.0,150000.0,151500.0,149500.0,24728
2017-11-28,152500.0,150000.0,152500.0,150000.0,30655
2017-11-29,151000.0,152000.0,152500.0,149500.0,53261
2017-11-30,152000.0,151500.0,155000.0,150000.0,84415
2017-12-01,152500.0,152500.0,153500.0,150500.0,30724
2017-12-04,154000.0,153500.0,155000.0,152500.0,31445
2017-12-05,155000.0,154000.0,155500.0,154000.0,35924
2017-12-06,154000.0,155000.0,155000.0,152500.0,22978
2017-12-07,154500.0,153000.0,154500.0,152000.0,25448
2017-12-08,151000.0,154500.0,154500.0,150500.0,35828
2017-12-11,151000.0,151000.0,151500.0,149000.0,27852
2017-12-12,151000.0,150000.0,151000.0,149500.0,23485
2017-12-13,151500.0,151000.0,152500.0,150500.0,24735
2017-12-14,150000.0,152000.0,152000.0,150000.0,43486
2017-12-15,152000.0,151000.0,152000.0,150500.0,26440
2017-12-18,152000.0,152000.0,152000.0,150000.0,27142
2017-12-19,150000.0,151000.0,153500.0,149500.0,43087
2017-12-20,143000.0,150000.0,150000.0,140500.0,91757
2017-12-21,141000.0,142000.0,143000.0,140000.0,62398
2017-12-22,139500.0,141000.0,141000.0,137000.0,53306
2017-12-26,140000.0,139500.0,141000.0,138500.0,38895
2017-12-27,140000.0,140000.0,140500.0,137500.0,31803
2017-12-28,140000.0,140500.0,142500.0,139500.0,34056
2018-01-02,144000.0,140500.0,145000.0,140500.0,48837
2018-01-03,145000.0,143000.0,147000.0,143000.0,51940
2018-01-04,145000.0,145000.0,145500.0,144000.0,50162
2018-01-05,141500.0,145500.0,145500.0,141000.0,44078
2018-01-08,139000.0,142500.0,142500.0,139000.0,35192
2018-01-09,139500.0,139000.0,140000.0,138500.0,54072
2018-01-10,139000.0,139500.0,142000.0,139000.0,55805
2018-01-11,139500.0,140000.0,140000.0,139000.0,32011
2018-01-12,138000.0,139500.0,141000.0,138000.0,39903
2018-01-15,137000.0,138000.0,139000.0,135000.0,58077
2018-01-16,138000.0,135500.0,140000.0,135500.0,37913
2018-01-17,135500.0,137000.0,138000.0,135000.0,53073
2018-01-18,134000.0,135000.0,136500.0,133500.0,45350
2018-01-19,135000.0,133500.0,136000.0,133500.0,26553
2018-01-22,135000.0,136000.0,137000.0,134500.0,49550
2018-01-23,134000.0,135000.0,135500.0,132500.0,72851
2018-01-24,134000.0,134000.0,135000.0,133500.0,62350
2018-01-25,134000.0,133500.0,135000.0,133500.0,64256
2018-01-26,136000.0,134500.0,137000.0,134000.0,137649
2018-01-29,140500.0,138000.0,142500.0,137000.0,119793
2018-01-30,144500.0,140500.0,147000.0,140500.0,156033
2018-01-31,145000.0,145500.0,146500.0,142000.0,131108
2018-02-01,143500.0,143500.0,145500.0,143000.0,48476
2018-02-02,144500.0,143500.0,145500.0,143000.0,60432
2018-02-05,142000.0,144500.0,144500.0,139000.0,57346
2018-02-06,140500.0,137500.0,141500.0,136000.0,68728
2018-02-07,137500.0,141000.0,142500.0,137500.0,58335
2018-02-08,135000.0,138000.0,139500.0,133000.0,67214
2018-02-09,130500.0,132500.0,132500.0,130000.0,77944
2018-02-12,130000.0,130500.0,131500.0,128000.0,63252
2018-02-13,129500.0,131000.0,131500.0,129500.0,40477
2018-02-14,129000.0,130000.0,130000.0,128000.0,63596
2018-02-19,131000.0,130000.0,131500.0,129000.0,37931
2018-02-20,130000.0,130500.0,131500.0,129500.0,37934
2018-02-21,133000.0,130500.0,133000.0,128500.0,40655
2018-02-22,132000.0,132500.0,133500.0,130500.0,29161
2018-02-23,133500.0,132500.0,133500.0,131000.0,31560
2018-02-26,136500.0,134500.0,138000.0,133000.0,65224
2018-02-27,135000.0,135500.0,137000.0,132500.0,48394
2018-02-28,132500.0,135000.0,136500.0,131500.0,41175
2018-03-02,131500.0,130000.0,131500.0,129000.0,36875
2018-03-05,128500.0,130500.0,131000.0,128000.0,42044
2018-03-06,126000.0,129000.0,129500.0,126000.0,51005
2018-03-07,124000.0,126000.0,126500.0,123500.0,59577
2018-03-08,122000.0,123500.0,124500.0,119500.0,143355
2018-03-09,128000.0,122500.0,128500.0,122000.0,155426
2018-03-12,127500.0,128500.0,130000.0,126500.0,76883
2018-03-13,128000.0,127000.0,129000.0,126500.0,25139
2018-03-14,129000.0,127000.0,130000.0,126500.0,33296
2018-03-15,130500.0,128500.0,131500.0,127000.0,37912
2018-03-16,130500.0,127500.0,131500.0,127000.0,1061689
2018-03-19,136000.0,132500.0,137000.0,130500.0,271858
2018-03-20,137500.0,135000.0,138000.0,134000.0,115686
2018-03-21,137000.0,137500.0,139000.0,136000.0,77270
2018-03-22,134500.0,137000.0,137500.0,133500.0,89693
2018-03-23,130000.0,132500.0,134000.0,130000.0,75470
2018-03-26,132000.0,129500.0,134500.0,128500.0,115234
2018-03-27,134000.0,133000.0,134500.0,131000.0,48996
2018-03-28,130500.0,133000.0,134500.0,130000.0,42602
2018-03-29,137500.0,131000.0,137500.0,131000.0,116257
2018-03-30,137500.0,139000.0,139000.0,136000.0,91920
2018-04-02,138000.0,138500.0,142000.0,137500.0,71402
2018-04-03,139000.0,136500.0,141000.0,136000.0,64027
2018-04-04,136000.0,140000.0,140500.0,135500.0,46748
2018-04-05,136000.0,137500.0,138500.0,135000.0,46080
2018-04-06,136500.0,136000.0,138000.0,134000.0,25714
2018-04-09,139000.0,136500.0,139500.0,135000.0,42339
2018-04-10,137500.0,138000.0,139000.0,136000.0,41781
2018-04-11,137000.0,136000.0,138000.0,136000.0,39431
2018-04-12,135000.0,136000.0,136000.0,133500.0,53844
2018-04-13,144000.0,134500.0,145500.0,133500.0,247237
2018-04-16,145000.0,144000.0,147000.0,142500.0,109794
2018-04-17,146500.0,144500.0,148000.0,144000.0,120082
2018-04-18,149500.0,148500.0,151500.0,146500.0,133603
2018-04-19,150500.0,150000.0,151500.0,145000.0,97546
2018-04-20,155000.0,151500.0,155500.0,148000.0,131724
2018-04-23,155500.0,156000.0,157500.0,152500.0,112277
2018-04-24,155000.0,156000.0,157500.0,151500.0,78876
2018-04-25,152000.0,154500.0,156000.0,151000.0,59592
2018-04-26,154500.0,152000.0,157500.0,148500.0,83566
2018-04-27,153000.0,154500.0,157500.0,152500.0,42752
2018-04-30,156500.0,158500.0,160500.0,155000.0,126458
2018-05-02,157000.0,159000.0,162500.0,153500.0,125323
2018-05-03,153000.0,156000.0,157000.0,152500.0,53857
2018-05-04,154000.0,151000.0,158000.0,150500.0,50952
2018-05-08,152000.0,155500.0,155500.0,150000.0,52189
2018-05-09,154000.0,151000.0,154000.0,145000.0,77339
2018-05-10,165500.0,152000.0,167500.0,151500.0,279750
2018-05-11,174500.0,167500.0,176000.0,166500.0,251545
2018-05-14,175000.0,175000.0,175500.0,171000.0,114754
2018-05-15,171500.0,174000.0,175500.0,171500.0,137327
2018-05-16,164500.0,168000.0,170000.0,160500.0,123020
2018-05-17,161500.0,163500.0,167000.0,160000.0,58990
2018-05-18,162000.0,162500.0,163500.0,160500.0,31313
2018-05-21,158000.0,162000.0,162500.0,157000.0,53452
2018-05-23,156000.0,155500.0,156500.0,151000.0,81346
2018-05-24,156000.0,157000.0,162500.0,155500.0,67584
2018-05-25,150500.0,152000.0,155500.0,148500.0,77630
2018-05-28,157000.0,157000.0,166500.0,156000.0,129638
2018-05-29,151000.0,158500.0,158500.0,151000.0,62416
2018-05-30,148000.0,150000.0,151500.0,146000.0,70991
2018-05-31,149500.0,150000.0,152000.0,148000.0,60187
2018-06-01,148000.0,149500.0,152500.0,147000.0,54814
2018-06-04,153000.0,151500.0,158000.0,151500.0,108756
2018-06-05,152500.0,154500.0,154500.0,150500.0,55147
2018-06-07,154000.0,152000.0,157500.0,151000.0,89568
2018-06-08,154000.0,157000.0,157000.0,151000.0,99739
2018-06-11,161500.0,156500.0,162500.0,156500.0,119811
2018-06-12,161500.0,163500.0,164500.0,159500.0,101297
2018-06-14,156500.0,157500.0,160000.0,156000.0,70171
2018-06-15,152000.0,156000.0,156000.0,150500.0,95614
2018-06-18,153000.0,152000.0,156500.0,151500.0,56907
2018-06-19,154000.0,152000.0,155000.0,151500.0,60192
2018-06-20,155500.0,152000.0,157000.0,151500.0,38152
2018-06-21,158500.0,156000.0,162000.0,155000.0,83759
2018-06-22,164000.0,159000.0,166500.0,156000.0,173681
2018-06-25,164500.0,164500.0,166500.0,164000.0,91672
2018-06-26,160000.0,161000.0,163000.0,159500.0,592452
2018-06-27,160000.0,160500.0,163500.0,158000.0,109656
2018-06-28,163000.0,162000.0,166500.0,161000.0,88803
2018-06-29,168000.0,165500.0,169000.0,163000.0,90031
2018-07-02,163000.0,167000.0,169000.0,161500.0,104205
2018-07-03,167500.0,163000.0,169000.0,163000.0,73375
2018-07-04,172500.0,166000.0,176500.0,165500.0,146237
2018-07-05,169500.0,173000.0,174000.0,165500.0,96180
2018-07-06,168500.0,169500.0,171000.0,167500.0,65635
2018-07-09,173000.0,168500.0,174500.0,168500.0,104318
2018-07-10,173000.0,174500.0,177500.0,171500.0,53437
2018-07-11,172500.0,172000.0,173500.0,167000.0,64514
2018-07-12,170500.0,174000.0,174000.0,169000.0,44448
2018-07-13,170000.0,169500.0,171000.0,167000.0,57474
2018-07-16,168000.0,169500.0,171500.0,166000.0,67668
2018-07-17,167500.0,168000.0,171500.0,167500.0,71752
2018-07-18,167000.0,169000.0,172000.0,166500.0,50799
2018-07-19,155000.0,167000.0,168000.0,151500.0,163439
2018-07-20,161500.0,155000.0,161500.0,155000.0,64697
2018-07-23,161000.0,163500.0,164000.0,158000.0,49062
2018-07-24,155500.0,160000.0,161000.0,154000.0,105740
2018-07-25,156500.0,154500.0,157000.0,153000.0,70571
2018-07-26,157500.0,158500.0,159000.0,155000.0,64871
2018-07-27,156500.0,158500.0,158500.0,155000.0,54995
2018-07-30,154000.0,155000.0,155500.0,152000.0,54634
2018-07-31,151000.0,154000.0,154000.0,149500.0,85640
2018-08-01,152000.0,152000.0,153500.0,151000.0,44268
2018-08-02,151500.0,152000.0,157500.0,150000.0,66864
2018-08-03,154000.0,152500.0,154500.0,150000.0,34246
2018-08-06,151500.0,153500.0,155000.0,151000.0,43608
2018-08-07,152500.0,150500.0,153000.0,150000.0,31841
2018-08-08,150500.0,151500.0,152500.0,149000.0,60843
2018-08-09,151000.0,149500.0,152500.0,149000.0,108258
2018-08-10,150500.0,151000.0,152000.0,149000.0,64637
2018-08-13,143500.0,149000.0,149500.0,143000.0,115677
2018-08-14,144500.0,142500.0,146500.0,142500.0,67326
2018-08-16,145000.0,142500.0,146000.0,142000.0,60659
2018-08-17,143500.0,145500.0,147000.0,143000.0,85051
2018-08-20,147500.0,144500.0,148000.0,144000.0,72411
2018-08-21,152000.0,148500.0,153500.0,147000.0,109993
2018-08-22,154500.0,152000.0,158000.0,150500.0,131177
2018-08-23,157000.0,156500.0,158500.0,154500.0,75861
2018-08-24,154500.0,156000.0,156500.0,154000.0,34446
2018-08-27,154000.0,153500.0,156000.0,152500.0,53811
2018-08-28,153500.0,154500.0,157000.0,153000.0,47368
2018-08-29,153500.0,154000.0,155000.0,151000.0,64046
2018-08-30,153000.0,153000.0,154000.0,151500.0,54666
2018-08-31,154000.0,153500.0,154500.0,151500.0,40701
2018-09-03,152000.0,153000.0,153500.0,151000.0,27295
2018-09-04,148000.0,151500.0,151500.0,147500.0,70080
2018-09-05,152000.0,148000.0,154000.0,148000.0,71284
2018-09-06,155500.0,152000.0,159500.0,151500.0,124179
2018-09-07,161500.0,156000.0,163000.0,156000.0,119869
2018-09-10,167000.0,159500.0,170000.0,159500.0,155554
2018-09-11,165000.0,168500.0,168500.0,164000.0,50483
2018-09-12,166500.0,165000.0,170000.0,164000.0,65848
2018-09-13,166000.0,166500.0,168500.0,165000.0,41177
2018-09-14,165500.0,167000.0,169500.0,164500.0,50711
2018-09-17,164500.0,166000.0,166500.0,161000.0,57236
2018-09-18,162000.0,163000.0,164000.0,159500.0,73456
2018-09-19,162000.0,162000.0,163000.0,157500.0,70517
2018-09-20,158000.0,160500.0,163000.0,157000.0,74294
2018-09-21,158000.0,160500.0,161500.0,156500.0,63165
2018-09-27,156000.0,158000.0,161500.0,154500.0,121596
2018-09-28,158000.0,155000.0,159000.0,152500.0,86219
2018-10-01,158000.0,157000.0,160500.0,157000.0,43030
2018-10-02,161000.0,157500.0,162000.0,157500.0,62755
2018-10-04,151000.0,161500.0,161500.0,150000.0,133334
2018-10-05,153500.0,151000.0,155000.0,147000.0,79004
2018-10-08,153000.0,153500.0,156000.0,151500.0,32164
2018-10-10,148000.0,150500.0,154500.0,146000.0,63328
2018-10-11,140000.0,144500.0,146500.0,139500.0,112513
2018-10-12,147500.0,144000.0,152500.0,140500.0,118772
2018-10-15,152000.0,147500.0,154000.0,147000.0,68454
2018-10-16,150000.0,152000.0,153000.0,149000.0,45169
2018-10-17,151500.0,152500.0,155000.0,149000.0,65518
2018-10-18,152500.0,151000.0,153500.0,149500.0,54852
2018-10-19,162000.0,150500.0,167000.0,148000.0,261489
2018-10-22,163000.0,162000.0,168500.0,161500.0,191750
2018-10-23,162000.0,162000.0,166000.0,161000.0,118774
2018-10-24,161500.0,163500.0,167000.0,161000.0,101837
2018-10-25,162500.0,158500.0,163500.0,155000.0,112362
2018-10-26,157500.0,161500.0,165000.0,155500.0,54468
2018-10-29,155000.0,158000.0,161000.0,153500.0,60376
2018-10-30,152000.0,155000.0,157000.0,150000.0,66093
2018-10-31,158500.0,152000.0,162000.0,150000.0,103777
2018-11-01,157000.0,158500.0,160500.0,156000.0,73108
2018-11-02,159500.0,155500.0,160500.0,155500.0,65340
2018-11-05,155500.0,158000.0,162500.0,153500.0,62446
2018-11-06,157000.0,157000.0,158500.0,152500.0,41561
2018-11-07,154500.0,157000.0,158500.0,153000.0,65062
2018-11-08,159000.0,156000.0,166000.0,156000.0,120394
2018-11-09,155500.0,158000.0,160500.0,147500.0,139032
2018-11-12,148000.0,155500.0,157000.0,147000.0,78325
2018-11-13,149000.0,145500.0,149500.0,145000.0,43437
2018-11-14,150000.0,151000.0,151000.0,143500.0,101989
2018-11-15,150000.0,149000.0,150500.0,147500.0,63861
2018-11-16,149500.0,150000.0,152500.0,146500.0,74425
2018-11-19,149500.0,148500.0,151000.0,148500.0,38480
2018-11-20,147000.0,149000.0,150000.0,144500.0,84354
2018-11-21,147500.0,146500.0,147500.0,143500.0,54518
2018-11-22,145500.0,147000.0,148000.0,144500.0,83605
2018-11-23,145500.0,144000.0,146500.0,144000.0,30666
2018-11-26,147000.0,146500.0,152000.0,146500.0,55568
2018-11-27,151000.0,148000.0,152000.0,147000.0,53524
2018-11-28,149000.0,152500.0,153000.0,148000.0,39237
2018-11-29,155000.0,151500.0,157000.0,151500.0,64216
2018-11-30,159000.0,154500.0,160000.0,153500.0,82264
2018-12-03,156500.0,161000.0,161000.0,155500.0,56348
2018-12-04,158500.0,155500.0,159500.0,154500.0,40511
2018-12-05,156000.0,157000.0,157500.0,154500.0,32309
2018-12-06,158000.0,158000.0,163000.0,156000.0,89852
2018-12-07,160500.0,160000.0,162500.0,158500.0,105767
2018-12-10,159000.0,157500.0,161000.0,156500.0,37967
2018-12-11,159500.0,157500.0,161500.0,157500.0,63220
2018-12-12,162500.0,163000.0,165000.0,160500.0,119735
2018-12-13,166500.0,163000.0,170500.0,163000.0,106902
2018-12-14,167000.0,167000.0,170000.0,164000.0,40571
2018-12-17,168000.0,168500.0,169000.0,165000.0,32714
2018-12-18,169000.0,169500.0,169500.0,165500.0,50657
2018-12-19,171500.0,169500.0,171500.0,169000.0,60953
2018-12-20,170500.0,172000.0,172000.0,165000.0,48599
2018-12-21,170500.0,170500.0,171500.0,169500.0,56708
2018-12-24,167000.0,170500.0,170500.0,165000.0,35558
2018-12-26,165000.0,165000.0,167000.0,163500.0,48387
2018-12-27,168500.0,164000.0,169500.0,164000.0,36451
2018-12-28,167000.0,169500.0,169500.0,165500.0,28950
2019-01-02,166500.0,166000.0,168000.0,163000.0,35501
2019-01-03,163000.0,167000.0,167500.0,162500.0,38021
2019-01-04,163500.0,162000.0,164000.0,161000.0,34069
2019-01-07,162000.0,166000.0,168500.0,160500.0,39074
2019-01-08,161500.0,164000.0,164500.0,160500.0,35181
2019-01-09,165500.0,162500.0,165500.0,162500.0,37579
2019-01-10,163000.0,163000.0,165500.0,162500.0,32185
2019-01-11,168500.0,163000.0,169000.0,162000.0,73512
2019-01-14,169000.0,167500.0,169500.0,166500.0,40172
2019-01-15,170500.0,169000.0,171000.0,166000.0,66344
2019-01-16,174000.0,170000.0,177500.0,170000.0,147165
2019-01-17,172500.0,174500.0,176000.0,170000.0,52997
2019-01-18,173500.0,174000.0,174500.0,168500.0,57874
2019-01-21,168500.0,173500.0,173500.0,167500.0,75936
2019-01-22,169000.0,168000.0,170000.0,167500.0,35585
2019-01-23,170500.0,169000.0,171500.0,167500.0,40542
2019-01-24,168000.0,169000.0,170000.0,165500.0,67110
2019-01-25,167000.0,167000.0,169000.0,166500.0,50388
2019-01-28,166500.0,166000.0,168000.0,164000.0,57970
2019-01-29,168000.0,167500.0,168500.0,166000.0,43412
2019-01-30,166500.0,168500.0,170000.0,165000.0,62176
2019-01-31,168000.0,168000.0,169000.0,165500.0,62318
2019-02-01,164500.0,168000.0,169000.0,164500.0,76594
2019-02-07,164000.0,166000.0,166000.0,162000.0,53520
2019-02-08,174000.0,166500.0,175000.0,163500.0,173157
2019-02-11,178500.0,175500.0,180500.0,174000.0,178558
2019-02-12,173000.0,179500.0,180000.0,172000.0,81747
2019-02-13,175500.0,174500.0,177000.0,173000.0,56672
2019-02-14,180500.0,174000.0,180500.0,173000.0,69130
2019-02-15,179000.0,180500.0,180500.0,177000.0,37137
2019-02-18,177000.0,179000.0,179000.0,173500.0,54513
2019-02-19,177500.0,175000.0,180500.0,174000.0,79543
2019-02-20,181000.0,180000.0,183500.0,178500.0,120323
2019-02-21,183000.0,180500.0,183000.0,179000.0,60174
2019-02-22,184500.0,183000.0,184500.0,182500.0,64124
2019-02-25,189000.0,186000.0,195000.0,185000.0,132498
2019-02-26,188000.0,187000.0,191000.0,186500.0,57470
2019-02-27,190500.0,190000.0,192500.0,189000.0,62401
2019-02-28,190000.0,190500.0,190500.0,188000.0,76705
2019-03-04,189500.0,190000.0,191500.0,188000.0,43896
2019-03-05,190500.0,188000.0,190500.0,188000.0,55860
2019-03-06,189500.0,190500.0,190500.0,186500.0,48103
2019-03-07,188000.0,189000.0,190500.0,185000.0,47988
2019-03-08,181500.0,188000.0,188000.0,179500.0,74898
2019-03-11,182500.0,181500.0,184000.0,180000.0,47554
2019-03-12,183000.0,182500.0,185500.0,181500.0,39299
2019-03-13,180500.0,185000.0,185000.0,179000.0,49373
2019-03-14,182500.0,183500.0,186000.0,180500.0,54860
2019-03-15,184500.0,186000.0,186000.0,181500.0,85714
2019-03-18,183500.0,184500.0,185500.0,181500.0,28796
2019-03-19,180000.0,185000.0,185000.0,178500.0,59507
2019-03-20,176500.0,178500.0,178500.0,174000.0,64838
2019-03-21,173000.0,176500.0,179500.0,172000.0,61380
2019-03-22,173000.0,171000.0,175500.0,171000.0,38952
2019-03-25,170500.0,170500.0,172000.0,168500.0,38741
2019-03-26,167000.0,169000.0,170000.0,165500.0,96003
2019-03-27,164500.0,168500.0,169000.0,163000.0,85404
2019-03-28,161500.0,163500.0,163500.0,159500.0,99344
2019-03-29,165500.0,162500.0,167000.0,162000.0,68466
2019-04-01,169500.0,167000.0,171500.0,165500.0,75471
2019-04-02,170000.0,169000.0,170500.0,167000.0,72177
2019-04-03,170000.0,168000.0,171500.0,167000.0,77892
2019-04-04,167500.0,171000.0,171000.0,167000.0,74502
2019-04-05,168000.0,168500.0,169000.0,166500.0,53889
2019-04-08,170000.0,168000.0,171000.0,168000.0,48557
2019-04-09,169000.0,171000.0,171000.0,167500.0,48446
2019-04-10,169500.0,168000.0,169500.0,167000.0,65666
2019-04-11,167500.0,169000.0,170000.0,167000.0,48669
2019-04-12,168500.0,167000.0,169000.0,167000.0,47485
2019-04-15,176500.0,167500.0,180000.0,165500.0,205268
2019-04-16,168500.0,175500.0,175500.0,167500.0,192274
2019-04-17,163500.0,168500.0,168500.0,162000.0,137677
2019-04-18,160500.0,164000.0,164500.0,160000.0,76537
2019-04-19,160500.0,160000.0,161500.0,159500.0,39510
2019-04-22,161000.0,161500.0,162000.0,159000.0,57503
2019-04-23,159000.0,159500.0,161500.0,157500.0,66207
2019-04-24,156500.0,159500.0,159500.0,155500.0,56649
2019-04-25,155000.0,156000.0,157000.0,154500.0,46157
2019-04-26,158000.0,155000.0,160500.0,155000.0,62654
2019-04-29,158500.0,157000.0,158500.0,155500.0,67626
2019-04-30,157500.0,157000.0,159500.0,156000.0,44564
2019-05-02,163000.0,156500.0,163000.0,155000.0,95426
2019-05-03,168000.0,163000.0,168500.0,161000.0,159751
2019-05-07,161500.0,165500.0,167000.0,161000.0,101836
2019-05-08,160000.0,161000.0,161500.0,159000.0,56375
2019-05-09,155500.0,161500.0,162000.0,154500.0,58230
2019-05-10,156000.0,155500.0,157000.0,152000.0,75399
2019-05-13,150000.0,152500.0,153500.0,150000.0,74707
2019-05-14,151500.0,148000.0,154500.0,148000.0,74122
2019-05-15,154000.0,151500.0,154500.0,150500.0,46114
2019-05-16,152500.0,154000.0,155000.0,150500.0,37323
2019-05-17,150000.0,153000.0,154000.0,150000.0,38762
2019-05-20,151500.0,152000.0,154500.0,151000.0,27221
2019-05-21,153000.0,150000.0,154000.0,150000.0,22594
2019-05-22,148500.0,152500.0,154500.0,148000.0,43002
2019-05-23,146000.0,146500.0,148500.0,144500.0,74164
2019-05-24,148500.0,146500.0,149500.0,146500.0,37840
2019-05-27,149500.0,147500.0,151000.0,147500.0,30093
2019-05-28,152000.0,149500.0,153000.0,149000.0,105124
2019-05-29,152000.0,153500.0,154500.0,149000.0,36431
2019-05-30,150500.0,152000.0,152000.0,148500.0,31730
2019-05-31,159500.0,149500.0,159500.0,149500.0,74130
2019-06-03,159000.0,157000.0,160000.0,155500.0,42093
2019-06-04,159500.0,160500.0,160500.0,156500.0,61722
2019-06-05,153500.0,160000.0,160000.0,153000.0,72137
2019-06-07,156000.0,155000.0,159500.0,155000.0,48136
2019-06-10,154500.0,157500.0,158500.0,153000.0,46185
2019-06-11,154500.0,154000.0,156000.0,153500.0,30712
2019-06-12,154500.0,153500.0,156000.0,152500.0,32749
2019-06-13,157000.0,154500.0,157000.0,154000.0,41588
2019-06-14,152500.0,156500.0,156500.0,152000.0,55118
2019-06-17,150500.0,152500.0,153500.0,150000.0,23551
2019-06-18,151500.0,150000.0,152500.0,150000.0,43379
2019-06-19,151500.0,152500.0,153500.0,150500.0,38525
2019-06-20,154000.0,150500.0,154500.0,150500.0,36955
2019-06-21,154500.0,153500.0,155000.0,152500.0,33702
2019-06-24,153000.0,155000.0,155000.0,152000.0,23238
2019-06-25,144500.0,153000.0,154000.0,144500.0,133333
2019-06-26,133000.0,143500.0,144500.0,132000.0,320260
2019-06-27,132500.0,133500.0,135000.0,131500.0,193763
2019-06-28,134500.0,132500.0,135500.0,132000.0,118591
2019-07-01,136000.0,136500.0,137000.0,133000.0,62513
2019-07-02,132500.0,134500.0,135500.0,132000.0,73249
2019-07-03,132500.0,133500.0,134500.0,131500.0,49806
2019-07-04,133500.0,133500.0,133500.0,130500.0,42080
2019-07-05,133500.0,133000.0,135000.0,133000.0,43697
2019-07-08,132000.0,134000.0,134000.0,131000.0,27498
2019-07-09,130500.0,132000.0,133000.0,130000.0,32854
2019-07-10,131000.0,129500.0,131500.0,129000.0,28998
2019-07-11,134500.0,131500.0,135000.0,131500.0,33854
2019-07-12,135500.0,136500.0,139500.0,135500.0,109507
2019-07-15,135000.0,135500.0,137500.0,134500.0,32685
2019-07-16,136500.0,136500.0,137500.0,133500.0,37678
2019-07-17,139000.0,136000.0,139000.0,135000.0,48706
2019-07-18,140500.0,138000.0,141000.0,137000.0,50420
2019-07-19,138500.0,140000.0,140500.0,138000.0,44878
2019-07-22,139000.0,138500.0,140000.0,137000.0,17778
2019-07-23,139000.0,138000.0,140000.0,138000.0,30304
2019-07-24,138000.0,138500.0,140500.0,137000.0,30426
2019-07-25,138000.0,139000.0,139000.0,134000.0,53239
2019-07-26,136000.0,138000.0,139000.0,135500.0,25746
2019-07-29,133000.0,135000.0,137000.0,131000.0,47078
2019-07-30,134000.0,132500.0,135000.0,131500.0,24602
2019-07-31,137000.0,135000.0,138000.0,133000.0,41348
2019-08-01,138000.0,136500.0,139000.0,135000.0,42684
2019-08-02,139000.0,137000.0,140000.0,136500.0,62927
2019-08-05,136500.0,139000.0,139000.0,134000.0,46643
2019-08-06,133000.0,134000.0,137000.0,131000.0,49843
2019-08-07,131000.0,132500.0,135000.0,131000.0,30673
2019-08-08,137000.0,132000.0,141500.0,130500.0,129505
2019-08-09,137500.0,140000.0,140500.0,136000.0,67559
2019-08-12,141000.0,136500.0,142000.0,136000.0,58334
2019-08-13,141500.0,139500.0,141500.0,138500.0,38829
2019-08-14,142000.0,142000.0,142500.0,140500.0,36303
2019-08-16,137500.0,142000.0,142000.0,135000.0,70348
2019-08-19,140000.0,137500.0,140000.0,137500.0,28551
2019-08-20,140500.0,139000.0,141500.0,139000.0,19479
2019-08-21,141500.0,141500.0,142500.0,140500.0,17740
2019-08-22,140000.0,141500.0,142000.0,139500.0,20173
2019-08-23,143000.0,138500.0,143000.0,137500.0,30483
2019-08-26,141000.0,141000.0,142000.0,139000.0,14665
2019-08-27,139500.0,141500.0,143500.0,138500.0,46127
2019-08-28,139000.0,139000.0,141000.0,137500.0,28330
2019-08-29,140500.0,140000.0,142000.0,139500.0,33731
2019-08-30,143000.0,141500.0,143000.0,141000.0,26985
2019-09-02,146000.0,142500.0,147000.0,142000.0,48293
2019-09-03,142000.0,145500.0,146000.0,141500.0,48218
2019-09-04,142500.0,142000.0,143000.0,140500.0,46107
2019-09-05,140000.0,141500.0,142500.0,139500.0,70325
2019-09-06,136500.0,139500.0,141000.0,136000.0,56699
2019-09-09,135500.0,136500.0,138500.0,135000.0,44017
2019-09-10,137000.0,136000.0,137500.0,135500.0,45867
2019-09-11,139500.0,137500.0,139500.0,137000.0,109783
2019-09-16,140500.0,139500.0,140500.0,137500.0,36523
2019-09-17,140000.0,138500.0,140500.0,138500.0,44497
2019-09-18,143500.0,140500.0,144000.0,140000.0,62522
2019-09-19,141000.0,143000.0,144000.0,140000.0,28886
2019-09-20,142500.0,141000.0,143000.0,140000.0,43555
2019-09-23,144000.0,143500.0,145000.0,143000.0,49333
2019-09-24,146000.0,144500.0,147000.0,144000.0,59692
2019-09-25,145000.0,146000.0,149000.0,144500.0,74680
2019-09-26,149000.0,146000.0,149500.0,145500.0,115112
2019-09-27,146500.0,149000.0,149500.0,146500.0,39555
2019-09-30,144500.0,145500.0,147500.0,144000.0,35245
2019-10-01,142500.0,144500.0,146000.0,142000.0,43493
2019-10-02,141000.0,142500.0,143000.0,140000.0,52832
2019-10-04,140500.0,140000.0,145500.0,139500.0,49714
2019-10-07,141500.0,141000.0,142500.0,139000.0,38890
2019-10-08,145500.0,143000.0,146500.0,141000.0,56181
2019-10-10,144500.0,144000.0,146000.0,142000.0,60952
2019-10-11,145000.0,145500.0,146000.0,142500.0,39342
2019-10-14,145500.0,146000.0,147000.0,145500.0,26946
2019-10-15,144500.0,145500.0,147000.0,143000.0,29628
2019-10-16,144500.0,144500.0,146000.0,143500.0,25335
2019-10-17,149000.0,144500.0,150000.0,144500.0,114137
2019-10-18,155500.0,150500.0,157000.0,150000.0,193462
2019-10-21,157000.0,157000.0,157000.0,153000.0,44607
2019-10-22,158500.0,157000.0,159500.0,156000.0,52582
2019-10-23,159000.0,158500.0,159000.0,156500.0,30607
2019-10-24,156000.0,157000.0,157000.0,154000.0,37066
2019-10-25,157500.0,158000.0,158000.0,155500.0,20397
2019-10-28,155500.0,158000.0,158000.0,154000.0,24555
2019-10-29,153500.0,157500.0,157500.0,153000.0,34613
2019-10-30,153500.0,152000.0,155500.0,151500.0,37226
2019-10-31,157500.0,154000.0,158000.0,153000.0,44559
2019-11-01,157500.0,157000.0,159000.0,155000.0,32891
2019-11-04,163500.0,158500.0,163500.0,158500.0,99150
2019-11-05,162500.0,164000.0,164000.0,161000.0,34408
2019-11-06,165000.0,161500.0,166000.0,161000.0,70477
2019-11-07,163000.0,167500.0,169000.0,158500.0,165321
2019-11-08,157500.0,162500.0,162500.0,155500.0,123966
2019-11-11,157500.0,157500.0,159500.0,155500.0,47512
2019-11-12,159500.0,157000.0,159500.0,155000.0,56895
2019-11-13,158000.0,158500.0,159500.0,156500.0,42131
2019-11-14,159000.0,158500.0,159500.0,157000.0,35599
2019-11-15,158000.0,160000.0,161000.0,157500.0,55995
2019-11-18,159000.0,157500.0,161000.0,157500.0,39520
2019-11-19,160000.0,159000.0,160000.0,157000.0,35649
2019-11-20,159000.0,158500.0,160000.0,157500.0,33124
2019-11-21,158000.0,161000.0,161000.0,157000.0,35242
2019-11-22,158000.0,158000.0,158500.0,156000.0,25198
2019-11-25,159500.0,158000.0,159500.0,158000.0,30871
2019-11-26,157000.0,159500.0,160000.0,157000.0,73335
2019-11-27,158000.0,158000.0,160000.0,158000.0,51587
2019-11-28,160000.0,157500.0,160500.0,156500.0,29733
2019-11-29,157500.0,158500.0,159500.0,157000.0,34400
2019-12-02,154000.0,158500.0,158500.0,154000.0,35910
2019-12-03,153500.0,153500.0,154000.0,151500.0,29185
2019-12-04,151000.0,152000.0,153500.0,150000.0,29191
2019-12-05,149000.0,151000.0,152500.0,148000.0,37412
2019-12-06,150500.0,150000.0,151500.0,149000.0,37037
2019-12-09,151500.0,151000.0,152000.0,150000.0,37794
2019-12-10,157000.0,150000.0,157000.0,150000.0,41683
2019-12-11,155000.0,157500.0,158000.0,154500.0,27078
2019-12-12,154500.0,156000.0,156500.0,153500.0,78105
2019-12-13,155000.0,154500.0,157000.0,154500.0,29921
2019-12-16,154500.0,155500.0,157000.0,154500.0,20639
2019-12-17,152500.0,154000.0,156000.0,152000.0,33368
2019-12-18,152000.0,151000.0,153500.0,150500.0,33348
2019-12-19,152000.0,151500.0,153500.0,151500.0,25008
2019-12-20,153500.0,153500.0,153500.0,151500.0,40208
2019-12-23,151500.0,154500.0,154500.0,151500.0,30087
2019-12-24,150000.0,151000.0,152000.0,149500.0,18895
2019-12-26,150000.0,151000.0,151000.0,149000.0,24767
2019-12-27,154500.0,149000.0,156000.0,148500.0,51508
2019-12-30,155000.0,155500.0,156000.0,153000.0,63767
2020-01-02,152500.0,155000.0,155500.0,152500.0,24403
2020-01-03,148000.0,153500.0,153500.0,147000.0,72998
2020-01-06,147000.0,147500.0,149000.0,144500.0,67028
2020-01-07,147000.0,147000.0,147500.0,145000.0,25991
2020-01-08,143500.0,144500.0,145500.0,141000.0,46281
2020-01-09,143500.0,143500.0,145500.0,142500.0,57391
2020-01-10,143500.0,142000.0,145000.0,141500.0,47173
2020-01-13,145500.0,143500.0,146000.0,142500.0,30864
2020-01-14,145000.0,145500.0,147000.0,144500.0,40149
2020-01-15,145500.0,145000.0,147000.0,144000.0,31200
2020-01-16,145000.0,145000.0,145500.0,143500.0,31334
2020-01-17,144000.0,144500.0,146000.0,143000.0,25778
2020-01-20,145500.0,143500.0,146500.0,143500.0,34966
2020-01-21,146000.0,147000.0,147500.0,145000.0,20999
2020-01-22,143500.0,145500.0,147000.0,143000.0,47698
2020-01-23,142000.0,143000.0,146000.0,141000.0,98867
2020-01-28,136000.0,138000.0,139500.0,135500.0,49609
2020-01-29,139000.0,137000.0,140000.0,134000.0,45905
2020-01-30,143000.0,140000.0,147500.0,140000.0,92106
2020-01-31,146000.0,142000.0,147000.0,142000.0,59914
2020-02-03,142500.0,149500.0,153000.0,142500.0,126962
2020-02-04,141500.0,142500.0,143500.0,138500.0,72637
2020-02-05,143000.0,141500.0,144000.0,141500.0,45135
2020-02-06,145500.0,144500.0,147000.0,142500.0,52474
2020-02-07,147000.0,145500.0,151500.0,144500.0,83620
2020-02-10,146500.0,147000.0,150000.0,143500.0,96252
2020-02-11,143500.0,146500.0,148500.0,143000.0,70741
2020-02-12,145000.0,143500.0,145500.0,142500.0,62098
2020-02-13,148000.0,145000.0,148000.0,143500.0,62816
2020-02-14,143500.0,147000.0,147500.0,143500.0,50615
2020-02-17,141500.0,144500.0,145000.0,141000.0,56942
2020-02-18,140000.0,141000.0,141500.0,139500.0,40040
2020-02-19,139000.0,142000.0,142000.0,138000.0,46195
2020-02-20,137000.0,139000.0,140000.0,136000.0,47111
2020-02-21,136500.0,136500.0,139000.0,136000.0,48417
2020-02-24,134500.0,138000.0,143000.0,134000.0,193266
2020-02-25,136500.0,136000.0,139000.0,134500.0,64852
2020-02-26,137000.0,139000.0,139000.0,135500.0,63000
2020-02-27,137500.0,137000.0,139000.0,136500.0,48639
2020-02-28,133500.0,134500.0,137000.0,132500.0,88109
2020-03-02,132000.0,134500.0,135500.0,130000.0,46323
2020-03-03,135000.0,134500.0,137000.0,133000.0,57397
2020-03-04,142000.0,136000.0,142500.0,135000.0,71964
2020-03-05,142000.0,143000.0,143000.0,140000.0,45374
2020-03-06,140500.0,141500.0,141500.0,138000.0,32271
2020-03-09,135500.0,141000.0,141500.0,134000.0,64111
2020-03-10,137000.0,135500.0,138500.0,135500.0,44224
2020-03-11,136500.0,136500.0,139000.0,134500.0,52057
2020-03-12,132000.0,138000.0,138000.0,130000.0,64481
2020-03-13,122000.0,122000.0,125000.0,110000.0,145289
2020-03-16,119500.0,126500.0,129000.0,118000.0,89164
2020-03-17,118500.0,113000.0,120500.0,112000.0,110094
2020-03-18,125500.0,122000.0,131000.0,121500.0,112702
2020-03-19,127000.0,128000.0,137000.0,118000.0,181614
2020-03-20,133500.0,130500.0,133500.0,124500.0,109678
2020-03-23,132000.0,127000.0,134500.0,123500.0,76485
2020-03-24,132000.0,133000.0,134500.0,130500.0,99427
2020-03-25,131000.0,133500.0,135000.0,128500.0,122132
2020-03-26,129500.0,131500.0,132500.0,129000.0,77888
2020-03-27,129500.0,132000.0,132500.0,126500.0,103550
2020-03-30,132500.0,126500.0,133000.0,125500.0,67910
2020-03-31,136000.0,133500.0,136000.0,132000.0,83500
2020-04-01,128000.0,135500.0,136000.0,128000.0,72016
2020-04-02,131000.0,129000.0,133000.0,126000.0,68311
2020-04-03,127000.0,130000.0,130500.0,125500.0,105709
2020-04-06,131500.0,128500.0,131500.0,127500.0,74357
2020-04-07,135000.0,133000.0,136000.0,131500.0,93191
2020-04-08,136000.0,134500.0,138000.0,133500.0,70682
2020-04-09,136500.0,137000.0,137000.0,134500.0,89270
2020-04-10,135000.0,136000.0,136000.0,132500.0,51587
2020-04-13,131000.0,135000.0,135500.0,130500.0,41272
2020-04-14,133500.0,133000.0,135000.0,132000.0,46245
2020-04-16,143000.0,133500.0,147000.0,133500.0,168418
2020-04-17,147500.0,145000.0,148000.0,142000.0,109994
2020-04-20,144500.0,149500.0,150000.0,144000.0,57152
2020-04-21,142500.0,145500.0,145500.0,138500.0,67556
2020-04-22,148000.0,141000.0,148000.0,140000.0,81220
2020-04-23,148000.0,147000.0,150000.0,145000.0,77878
2020-04-24,146000.0,148000.0,148000.0,143500.0,42807
2020-04-27,150000.0,147000.0,152500.0,145500.0,98372
2020-04-28,146500.0,150000.0,150000.0,145000.0,53535
2020-04-29,148000.0,147500.0,150000.0,147000.0,55060
2020-05-04,141500.0,144000.0,145000.0,141500.0,86017
2020-05-06,146000.0,144000.0,147500.0,142500.0,101053
2020-05-07,145000.0,145500.0,146500.0,144000.0,51369
2020-05-08,144000.0,145000.0,147000.0,144000.0,58485
2020-05-11,143000.0,144000.0,146000.0,143000.0,66650
2020-05-12,141000.0,143000.0,144000.0,140500.0,63085
2020-05-13,148500.0,141000.0,149500.0,141000.0,196654
2020-05-14,144500.0,149500.0,149500.0,142000.0,148524
2020-05-15,148500.0,146000.0,148500.0,141500.0,155712
2020-05-18,155000.0,149500.0,156500.0,147000.0,232708
2020-05-19,155000.0,155500.0,156500.0,151500.0,133656
2020-05-20,156500.0,155500.0,157000.0,152000.0,84190
2020-05-21,156000.0,156000.0,157000.0,153500.0,67089
2020-05-22,155500.0,157500.0,160000.0,154000.0,130720
2020-05-25,159500.0,158000.0,159500.0,154500.0,60144
2020-05-26,157500.0,159500.0,159500.0,156000.0,46891
2020-05-27,154000.0,158000.0,158000.0,153500.0,73142
2020-05-28,155500.0,157000.0,157500.0,153500.0,78357
2020-05-29,161000.0,157000.0,161000.0,155000.0,108672
2020-06-01,163500.0,159000.0,163500.0,158500.0,51806
2020-06-02,163500.0,161500.0,168000.0,161000.0,72153
2020-06-03,165000.0,165500.0,168500.0,164000.0,76596
2020-06-04,165000.0,166000.0,166000.0,160500.0,56818
2020-06-05,164000.0,165000.0,165000.0,162000.0,55237
2020-06-08,161000.0,165500.0,167000.0,161000.0,60056
2020-06-09,161000.0,164000.0,164000.0,159000.0,52292
2020-06-10,165000.0,161000.0,166000.0,160000.0,60960
2020-06-11,164500.0,162500.0,166500.0,160500.0,76412
2020-06-12,161000.0,159000.0,163000.0,158000.0,53410
2020-06-15,155500.0,161000.0,165000.0,155500.0,61292
2020-06-16,163000.0,158000.0,163500.0,158000.0,53450
2020-06-17,162500.0,162500.0,165000.0,161000.0,38741
2020-06-18,163000.0,161000.0,166000.0,161000.0,54164
2020-06-19,162500.0,165500.0,165500.0,160500.0,30020
2020-06-22,159000.0,161000.0,162500.0,159000.0,37377
2020-06-23,157500.0,159000.0,161000.0,157000.0,46616
2020-06-24,159500.0,156500.0,161000.0,156500.0,56467
2020-06-25,159000.0,157500.0,161500.0,156500.0,38219
2020-06-26,161500.0,159000.0,161500.0,157500.0,31230
2020-06-29,156500.0,158500.0,160500.0,155500.0,50075
2020-06-30,157500.0,157500.0,161500.0,157000.0,50811
2020-07-01,157500.0,158000.0,159000.0,157000.0,23277
2020-07-02,160500.0,158500.0,160500.0,158000.0,31775
2020-07-03,161500.0,160500.0,162000.0,159000.0,29672
2020-07-06,167000.0,162500.0,167000.0,161500.0,57053
2020-07-07,166000.0,167000.0,167000.0,163500.0,51214
2020-07-08,163000.0,167000.0,168000.0,161500.0,47104
2020-07-09,166000.0,164000.0,166500.0,162000.0,48159
2020-07-10,166000.0,166000.0,166000.0,162500.0,39101
2020-07-13,164000.0,167000.0,167000.0,163000.0,37458
2020-07-14,160500.0,162500.0,163000.0,159000.0,35883
2020-07-15,161000.0,163000.0,163000.0,160500.0,28359
2020-07-16,163000.0,160500.0,163000.0,160500.0,32680
2020-07-17,160000.0,162000.0,163500.0,159500.0,23708
2020-07-20,161500.0,160000.0,162500.0,157500.0,52071
2020-07-21,161500.0,161000.0,163000.0,160000.0,44223
2020-07-22,155000.0,161000.0,162500.0,154500.0,91319
2020-07-23,150500.0,155000.0,155500.0,150000.0,84648
2020-07-24,152500.0,150000.0,154000.0,149000.0,67592
2020-07-27,154500.0,152500.0,156000.0,152000.0,68008
2020-07-28,155000.0,153500.0,158000.0,152500.0,102547
2020-07-29,155000.0,154000.0,156500.0,153000.0,51037
2020-07-30,152000.0,154000.0,155500.0,152000.0,48392
2020-07-31,153000.0,152000.0,154000.0,151500.0,48334
2020-08-03,151000.0,153000.0,153000.0,150500.0,36909
2020-08-04,152500.0,151000.0,153500.0,151000.0,41764
2020-08-05,152000.0,152000.0,153000.0,150500.0,61416
2020-08-06,153000.0,151000.0,155500.0,150500.0,77997
2020-08-07,150500.0,155500.0,158000.0,150000.0,147020
2020-08-10,150000.0,150500.0,151000.0,148500.0,169343
2020-08-11,154500.0,151000.0,155000.0,150000.0,137374
2020-08-12,157000.0,154500.0,157500.0,152000.0,85712
2020-08-13,154500.0,157000.0,157500.0,153000.0,124211
2020-08-14,154000.0,154500.0,156000.0,152500.0,49459
2020-08-18,151500.0,154000.0,155000.0,150500.0,64502
2020-08-19,152000.0,151000.0,152500.0,150500.0,45677
2020-08-20,145500.0,150500.0,152000.0,145000.0,92023
2020-08-21,147500.0,145500.0,148500.0,145000.0,49497
2020-08-24,146000.0,147500.0,148500.0,145000.0,59749
2020-08-25,149000.0,147000.0,149500.0,146000.0,51829
2020-08-26,150000.0,148500.0,150000.0,147000.0,43631
2020-08-27,149500.0,148500.0,151500.0,147000.0,60946
2020-08-28,149500.0,152000.0,153500.0,148000.0,82901
2020-08-31,151500.0,151500.0,154500.0,150500.0,97195
2020-09-01,156500.0,154000.0,162000.0,153500.0,154707
2020-09-02,159000.0,158000.0,159000.0,155000.0,72831
2020-09-03,159000.0,157500.0,159000.0,156500.0,68585
2020-09-04,158500.0,155500.0,159500.0,155000.0,75056
2020-09-07,160000.0,161000.0,161500.0,158500.0,67442
2020-09-08,156000.0,161000.0,161000.0,156000.0,60326
2020-09-09,158000.0,155000.0,158000.0,154000.0,36353
2020-09-10,156000.0,157000.0,159500.0,155000.0,69745
2020-09-11,156500.0,155500.0,156500.0,154500.0,34534
2020-09-14,158000.0,158000.0,158000.0,156500.0,37545
2020-09-15,162500.0,157000.0,166000.0,155000.0,177451
2020-09-16,177500.0,163000.0,185000.0,163000.0,514853
2020-09-17,179500.0,179500.0,182000.0,173500.0,192425
2020-09-18,182000.0,179500.0,182000.0,176500.0,138109
2020-09-21,177000.0,181500.0,183000.0,172500.0,141232
2020-09-22,168500.0,173500.0,176000.0,168000.0,123811
2020-09-23,169500.0,170000.0,174500.0,166500.0,104907
2020-09-24,170000.0,168000.0,173500.0,164000.0,143177
2020-09-25,169500.0,170500.0,174000.0,168500.0,73251
2020-09-28,172000.0,170000.0,177500.0,168500.0,74447
2020-09-29,177500.0,175000.0,180000.0,173500.0,102032
2020-10-05,182000.0,177500.0,182000.0,173000.0,102663
2020-10-06,179000.0,183000.0,183500.0,176000.0,79140
2020-10-07,183000.0,179000.0,185000.0,179000.0,107720
2020-10-08,184000.0,185000.0,190000.0,182500.0,96198
2020-10-12,188500.0,183500.0,190500.0,183000.0,85669
2020-10-13,186500.0,187000.0,189000.0,183000.0,86811
2020-10-14,180500.0,193000.0,193500.0,177000.0,252777
2020-10-15,181500.0,183500.0,185500.0,179000.0,138315
2020-10-16,181000.0,183500.0,183500.0,178000.0,60771
2020-10-19,181500.0,183000.0,184000.0,178500.0,66424
2020-10-20,182500.0,181500.0,187000.0,179500.0,76105
2020-10-21,179000.0,182000.0,184000.0,177500.0,57818
2020-10-22,170000.0,178000.0,178000.0,168500.0,114299
2020-10-23,167500.0,171500.0,172000.0,165500.0,127101
2020-10-26,163500.0,166000.0,166500.0,161000.0,113145
2020-10-27,160500.0,164000.0,165500.0,159000.0,1884952
2020-10-28,161000.0,159000.0,162000.0,157500.0,87836
2020-10-29,159000.0,159000.0,161000.0,157000.0,88707
2020-10-30,159500.0,160000.0,161000.0,155500.0,83732
2020-11-02,161000.0,160000.0,161000.0,159000.0,35714
2020-11-03,163000.0,160000.0,165000.0,160000.0,71879
2020-11-04,162000.0,163500.0,164500.0,160500.0,55479
2020-11-05,166000.0,163000.0,166000.0,162000.0,89516
2020-11-06,160000.0,166000.0,166000.0,158500.0,173140
2020-11-09,162000.0,160500.0,162500.0,160000.0,102846
2020-11-10,155500.0,161000.0,161500.0,153500.0,237909
2020-11-11,158000.0,155500.0,158000.0,155500.0,86741
2020-11-12,161000.0,158000.0,161000.0,156000.0,94750
2020-11-13,161000.0,160500.0,162500.0,158000.0,96404
2020-11-16,159500.0,162500.0,162500.0,159500.0,73300
2020-11-17,157000.0,159500.0,160000.0,157000.0,69739
2020-11-18,164000.0,158500.0,164500.0,157000.0,151690
2020-11-19,166000.0,163500.0,171500.0,162000.0,212258
2020-11-20,169500.0,167000.0,171000.0,167000.0,112262
2020-11-23,169000.0,169500.0,169500.0,164500.0,88154
2020-11-24,165500.0,168500.0,168500.0,165000.0,82112
2020-11-25,163500.0,165500.0,166000.0,162500.0,94025
2020-11-26,166000.0,162500.0,166000.0,162500.0,59500
2020-11-27,162500.0,166000.0,166000.0,161500.0,72347
2020-11-30,166000.0,164500.0,166000.0,162500.0,118430
2020-12-01,164500.0,166000.0,166000.0,164000.0,49589
2020-12-02,162000.0,164500.0,164500.0,161500.0,96844
2020-12-03,162500.0,161500.0,162500.0,160500.0,74693
2020-12-04,161500.0,162500.0,163000.0,160500.0,64608
2020-12-07,158000.0,159500.0,160000.0,157500.0,112933
2020-12-08,159500.0,159000.0,160500.0,158000.0,70202
2020-12-09,160500.0,159000.0,161000.0,158500.0,76452
2020-12-10,161500.0,162000.0,162000.0,158500.0,135637
2020-12-11,161000.0,161500.0,162500.0,161000.0,75168
2020-12-14,161500.0,162500.0,162500.0,160000.0,66886
2020-12-15,161000.0,161500.0,162500.0,160500.0,53821
2020-12-16,161500.0,161500.0,162500.0,160500.0,74179
2020-12-17,160500.0,162500.0,162500.0,160500.0,49182
2020-12-18,163500.0,161000.0,163500.0,160500.0,83471
2020-12-21,163500.0,164000.0,164000.0,161000.0,60695
2020-12-22,161500.0,163000.0,165000.0,161500.0,74180
2020-12-23,163000.0,162500.0,164000.0,162000.0,45348
2020-12-24,163500.0,163000.0,164000.0,161000.0,62372
2020-12-28,164000.0,163500.0,164500.0,161000.0,101842
2020-12-29,164000.0,162500.0,164500.0,162000.0,65749
2020-12-30,165500.0,164000.0,166500.0,163000.0,70687
2021-01-04,168500.0,167500.0,169000.0,163500.0,118757
2021-01-05,177000.0,168000.0,179000.0,167500.0,275065
2021-01-06,172000.0,177000.0,177000.0,170500.0,133609
2021-01-07,174500.0,174000.0,177000.0,172000.0,111350
2021-01-08,173000.0,175000.0,175000.0,170500.0,119868
2021-01-11,170000.0,173000.0,173500.0,167500.0,138200
2021-01-12,172000.0,171500.0,172000.0,168000.0,88355
2021-01-13,170500.0,173000.0,173000.0,170000.0,71433
2021-01-14,171000.0,169500.0,172500.0,168500.0,97606
2021-01-15,169000.0,172000.0,176500.0,169000.0,146533
2021-01-18,161500.0,167500.0,168500.0,161000.0,124302
2021-01-19,165000.0,163000.0,167000.0,163000.0,74337
2021-01-20,167000.0,165500.0,167500.0,163500.0,72783
2021-01-21,169000.0,167500.0,169500.0,167000.0,79789
2021-01-22,171000.0,171000.0,172000.0,166500.0,109649
2021-01-25,172000.0,172000.0,173000.0,169500.0,70851
2021-01-26,169500.0,172000.0,172000.0,169000.0,62947
2021-01-27,169000.0,171000.0,172000.0,167500.0,83331
2021-01-28,173500.0,167000.0,177000.0,165000.0,186405
2021-01-29,168000.0,175500.0,175500.0,166500.0,158729
2021-02-01,170000.0,169500.0,171000.0,164500.0,64790
2021-02-02,174000.0,170000.0,176000.0,169000.0,122668
2021-02-03,189500.0,176500.0,191500.0,174000.0,469408
2021-02-04,188500.0,193000.0,194500.0,185500.0,198308
2021-02-05,184000.0,189000.0,189000.0,182500.0,92775
2021-02-08,180000.0,185500.0,186500.0,178500.0,109852
2021-02-09,177000.0,180000.0,181000.0,176000.0,69934
2021-02-10,173500.0,177000.0,177000.0,172000.0,118702
2021-02-15,173500.0,176000.0,176000.0,172500.0,95929
2021-02-16,179000.0,174500.0,179000.0,173500.0,102372
2021-02-17,174500.0,179500.0,179500.0,173000.0,90898
2021-02-18,171500.0,175500.0,176000.0,171500.0,73557
2021-02-19,170500.0,171500.0,173500.0,168500.0,71528
2021-02-22,171500.0,172000.0,174500.0,171500.0,53738
2021-02-23,170500.0,172000.0,172500.0,169000.0,66345
2021-02-24,165500.0,170500.0,171000.0,165500.0,79450
2021-02-25,167500.0,166500.0,168000.0,162500.0,92447
2021-02-26,164000.0,165500.0,166000.0,162500.0,71990
2021-03-02,163000.0,166000.0,166500.0,162000.0,57658
2021-03-03,168000.0,163000.0,170000.0,163000.0,67078
2021-03-04,170500.0,168000.0,172500.0,166000.0,104989
2021-03-05,167000.0,170500.0,170500.0,166500.0,55587
2021-03-08,168000.0,168000.0,170500.0,167000.0,35081
2021-03-09,165000.0,169000.0,170500.0,164000.0,74939
2021-03-10,166500.0,167000.0,169500.0,165000.0,47118
2021-03-11,169000.0,167000.0,171000.0,167000.0,65418
2021-03-12,170500.0,171000.0,171000.0,169500.0,37967
2021-03-15,172000.0,170000.0,172000.0,168000.0,42498
2021-03-16,176000.0,173000.0,176500.0,172500.0,127553
2021-03-17,176000.0,176500.0,176500.0,174000.0,48787
2021-03-18,174000.0,176500.0,178500.0,174000.0,61926
2021-03-19,169500.0,172000.0,172500.0,169000.0,62610
2021-03-22,174000.0,171000.0,174000.0,169500.0,51633
2021-03-23,173500.0,174500.0,175500.0,171500.0,42919
2021-03-24,180000.0,173500.0,182500.0,173000.0,149224
2021-03-25,178500.0,181500.0,186000.0,172000.0,209785
2021-03-26,185000.0,180500.0,187000.0,180500.0,152253
2021-03-29,189500.0,185000.0,190000.0,185000.0,107560
2021-03-30,186500.0,190000.0,190500.0,184000.0,78020
2021-03-31,183000.0,186500.0,187000.0,181000.0,71655
2021-04-01,180500.0,182500.0,185500.0,178500.0,74956
2021-04-02,182000.0,179500.0,183000.0,179500.0,43726
2021-04-05,180500.0,181500.0,182000.0,179500.0,29617
2021-04-06,183500.0,180000.0,183500.0,178000.0,48109
2021-04-07,183000.0,182000.0,183500.0,180500.0,37515
2021-04-08,179000.0,183000.0,183000.0,179000.0,47903
2021-04-09,178000.0,179000.0,180000.0,177500.0,50022
2021-04-12,178000.0,178500.0,180000.0,177000.0,33527
2021-04-13,175000.0,178500.0,178500.0,175000.0,69826
2021-04-14,176000.0,175500.0,177500.0,175500.0,30917
2021-04-15,174500.0,176000.0,176500.0,174500.0,43076
2021-04-16,179500.0,174500.0,180500.0,174500.0,66232
2021-04-19,179000.0,180000.0,180500.0,178500.0,27927
2021-04-20,180000.0,180000.0,181000.0,178000.0,48302
2021-04-21,178500.0,181000.0,181000.0,176000.0,53612
2021-04-22,177000.0,178000.0,179500.0,177000.0,31722
2021-04-23,176000.0,177000.0,178500.0,175500.0,32772
2021-04-26,180500.0,176500.0,181000.0,176000.0,48585
2021-04-27,179000.0,180500.0,180500.0,177500.0,28245
2021-04-28,178500.0,180500.0,180500.0,178500.0,28790
2021-04-29,174000.0,178500.0,179500.0,173000.0,52779
2021-04-30,171500.0,173000.0,176500.0,171000.0,40781
2021-05-03,167500.0,171500.0,173000.0,167500.0,54026
2021-05-04,168500.0,167000.0,169000.0,166000.0,46680
2021-05-06,170000.0,168500.0,170000.0,167000.0,46901
2021-05-07,168500.0,170500.0,175000.0,168500.0,78677
2021-05-10,172500.0,169000.0,174500.0,169000.0,101583
2021-05-11,170500.0,173000.0,174500.0,169000.0,76682
2021-05-12,168500.0,170500.0,170500.0,165500.0,73294
2021-05-13,171500.0,166000.0,171500.0,165500.0,68299
2021-05-14,170000.0,170000.0,171000.0,168500.0,36920
2021-05-17,169500.0,170000.0,170000.0,168500.0,26626
2021-05-18,171500.0,170500.0,171500.0,170000.0,33343
2021-05-20,170000.0,169500.0,171000.0,168000.0,29555
2021-05-21,169500.0,170500.0,171500.0,169000.0,31253
2021-05-24,166500.0,169000.0,170000.0,165000.0,43526
2021-05-25,169500.0,167000.0,169500.0,167000.0,40048
2021-05-26,170500.0,170500.0,174000.0,169500.0,45148
2021-05-27,171500.0,169500.0,171500.0,168000.0,78104
2021-05-28,170000.0,171500.0,171500.0,169500.0,29812
2021-05-31,170000.0,171000.0,171000.0,168000.0,44536
2021-06-01,169500.0,170000.0,170500.0,168500.0,46783
2021-06-02,168500.0,169500.0,170500.0,168000.0,48773
2021-06-03,170000.0,168500.0,170000.0,168000.0,46776
2021-06-04,167000.0,168500.0,169500.0,166500.0,76675
2021-06-07,166500.0,167000.0,168000.0,166000.0,49827
2021-06-08,168000.0,167500.0,168500.0,166500.0,30942
2021-06-09,166000.0,168000.0,168000.0,166000.0,27831
2021-06-10,165000.0,166500.0,167000.0,164000.0,68888
2021-06-11,166500.0,165000.0,167000.0,165000.0,28849
2021-06-14,167000.0,166500.0,168000.0,165500.0,37022
2021-06-15,166000.0,167000.0,167500.0,166000.0,49236
2021-06-16,175000.0,166500.0,175000.0,166500.0,217574
2021-06-17,177500.0,175000.0,180000.0,175000.0,124205
2021-06-18,178000.0,180000.0,180000.0,175500.0,100079
2021-06-21,177500.0,178500.0,179000.0,175500.0,61518
2021-06-22,175500.0,177000.0,178500.0,175000.0,38956
2021-06-23,177500.0,175500.0,178000.0,172500.0,68832
2021-06-24,177500.0,177000.0,178000.0,174500.0,53072
2021-06-25,178500.0,176000.0,178500.0,175500.0,59354
2021-06-28,180000.0,179500.0,181000.0,177000.0,68684
2021-06-29,178000.0,180000.0,180000.0,177500.0,40550
2021-06-30,177000.0,176500.0,179500.0,176500.0,41456
2021-07-01,182000.0,177000.0,183500.0,176500.0,78265
2021-07-02,180000.0,182000.0,182000.0,178000.0,35058
2021-07-05,179500.0,180000.0,181500.0,178500.0,20634
2021-07-06,181000.0,180500.0,182000.0,179500.0,27924
2021-07-07,180500.0,180000.0,182000.0,178500.0,39502
2021-07-08,179000.0,180000.0,182000.0,178000.0,43288
2021-07-09,181500.0,179500.0,183500.0,175500.0,64849
2021-07-12,181000.0,181000.0,182500.0,179500.0,23593
2021-07-13,185000.0,182000.0,186000.0,182000.0,63597
2021-07-14,183500.0,184000.0,184500.0,181500.0,32888
2021-07-15,183000.0,183500.0,184500.0,182000.0,37571
2021-07-16,184500.0,182000.0,184500.0,181000.0,20627
2021-07-19,183500.0,182000.0,185000.0,180000.0,25442
2021-07-20,179500.0,182000.0,183500.0,179000.0,27843
2021-07-21,179000.0,180000.0,180500.0,178000.0,26001
2021-07-22,183500.0,179000.0,184000.0,177500.0,64909
2021-07-23,183000.0,183500.0,184500.0,181500.0,29164
2021-07-26,181500.0,185500.0,186000.0,180500.0,41183
2021-07-27,182500.0,180500.0,184000.0,180500.0,23938
2021-07-28,181000.0,185000.0,185000.0,179500.0,20303
2021-07-29,180000.0,180500.0,182500.0,179500.0,26871
2021-07-30,176000.0,179000.0,179500.0,175000.0,38404
2021-08-02,176500.0,177500.0,178000.0,175000.0,20504
2021-08-03,175000.0,175000.0,176500.0,172000.0,50217
2021-08-04,176500.0,174000.0,178000.0,174000.0,24167
2021-08-05,183000.0,176500.0,183000.0,174500.0,49068
2021-08-06,175500.0,183000.0,183000.0,174000.0,109660
2021-08-09,169500.0,175000.0,175000.0,168500.0,119689
2021-08-10,169000.0,170000.0,170000.0,167500.0,46566
2021-08-11,167500.0,169000.0,169000.0,167000.0,50267
2021-08-12,169000.0,168000.0,170000.0,168000.0,46668
2021-08-13,165500.0,170000.0,170000.0,165000.0,62208
2021-08-17,166000.0,165500.0,167500.0,165500.0,31727
2021-08-18,168500.0,167000.0,169500.0,165000.0,31617
2021-08-19,167000.0,166500.0,169000.0,165500.0,30748
2021-08-20,164000.0,167000.0,168500.0,164000.0,42918
2021-08-23,168000.0,166000.0,169000.0,165000.0,29075
2021-08-24,169000.0,168500.0,169500.0,167500.0,33950
2021-08-25,168000.0,167500.0,169500.0,167000.0,116814
2021-08-26,167500.0,167000.0,168500.0,166500.0,30024
2021-08-27,169500.0,168000.0,170500.0,167500.0,30210
2021-08-30,170000.0,170000.0,170500.0,168500.0,21496
2021-08-31,171000.0,169500.0,171000.0,168000.0,43992
2021-09-01,169000.0,169000.0,170500.0,168500.0,76897
2021-09-02,170000.0,169000.0,170500.0,168500.0,21066
2021-09-03,171000.0,169000.0,172000.0,169000.0,29168
2021-09-06,171500.0,171000.0,171500.0,170000.0,18436
2021-09-07,171000.0,170000.0,171500.0,168500.0,35936
2021-09-08,171500.0,169500.0,171500.0,169500.0,29840
2021-09-09,169500.0,171500.0,171500.0,169000.0,38859
2021-09-10,170000.0,169000.0,171000.0,168500.0,31484
2021-09-13,170000.0,170000.0,170000.0,168500.0,18376
2021-09-14,170500.0,170500.0,171500.0,170000.0,28265
2021-09-15,170500.0,169500.0,170500.0,169500.0,25755
2021-09-16,168000.0,169500.0,170000.0,167500.0,26390
2021-09-17,169000.0,167000.0,171000.0,166000.0,35040
2021-09-23,167500.0,167000.0,168000.0,165000.0,27795
2021-09-24,166500.0,167000.0,168000.0,165500.0,28332
2021-09-27,163000.0,165000.0,166500.0,163000.0,51438
2021-09-28,159500.0,163000.0,163500.0,158500.0,57434
2021-09-29,156500.0,159000.0,159500.0,155000.0,49522
2021-09-30,153000.0,155500.0,156000.0,153000.0,124960
2021-10-01,150500.0,152000.0,154500.0,150500.0,33394
2021-10-05,151000.0,150000.0,153500.0,150000.0,37823
2021-10-06,150500.0,152500.0,153500.0,147500.0,48434
2021-10-07,151000.0,151500.0,153000.0,151000.0,26794
2021-10-08,147000.0,151000.0,151500.0,147000.0,44615
2021-10-12,144500.0,146500.0,146500.0,143500.0,42138
2021-10-13,149000.0,143500.0,150000.0,143500.0,53264
2021-10-14,148000.0,149500.0,150000.0,147000.0,38259
2021-10-15,148000.0,148000.0,149500.0,147500.0,47746
2021-10-18,147000.0,148000.0,148500.0,145500.0,34951
2021-10-19,149500.0,148500.0,149500.0,147000.0,31879
2021-10-20,149500.0,150000.0,151500.0,149000.0,31259
2021-10-21,151500.0,149000.0,152500.0,148000.0,31848
2021-10-22,149000.0,150000.0,151500.0,148000.0,34204
2021-10-25,150000.0,149000.0,151000.0,147500.0,18707
2021-10-26,149000.0,151000.0,151000.0,148500.0,29927
2021-10-27,148000.0,149500.0,150000.0,147500.0,23925
2021-10-28,145500.0,148500.0,148500.0,145500.0,26432
2021-10-29,142000.0,145500.0,146500.0,142000.0,45515
2021-11-01,146000.0,143000.0,147000.0,142500.0,27212
2021-11-02,148500.0,146500.0,149500.0,146000.0,32006
2021-11-03,145500.0,150000.0,150000.0,145000.0,20155
2021-11-04,145000.0,146500.0,149000.0,144000.0,33636
2021-11-05,144500.0,145000.0,146000.0,143000.0,20873
2021-11-08,143500.0,145000.0,145000.0,142000.0,29202
2021-11-09,141000.0,144000.0,145500.0,139500.0,44971
2021-11-10,138500.0,138000.0,140500.0,138000.0,33784
2021-11-11,137500.0,138500.0,138500.0,135500.0,29588
2021-11-12,139000.0,137500.0,140000.0,137500.0,21930
2021-11-15,140000.0,140000.0,140500.0,138000.0,19222
2021-11-16,140500.0,139000.0,142000.0,137000.0,21419
2021-11-17,137500.0,139000.0,139500.0,137500.0,18157
2021-11-18,136000.0,137500.0,140000.0,136000.0,27606
2021-11-19,136500.0,136000.0,138500.0,135500.0,16378
2021-11-22,137500.0,136000.0,138000.0,135500.0,21104
2021-11-23,135000.0,136000.0,137000.0,134500.0,29028
2021-11-24,135000.0,135000.0,136000.0,133500.0,28007
2021-11-25,131000.0,133500.0,134500.0,131000.0,37820
2021-11-26,129500.0,131000.0,131500.0,129500.0,36146
2021-11-29,129000.0,129000.0,133000.0,129000.0,46563
2021-11-30,124000.0,129000.0,130500.0,124000.0,72044
2021-12-01,125000.0,124000.0,126000.0,123000.0,60420
2021-12-02,129000.0,123500.0,130500.0,123000.0,52668
2021-12-03,131000.0,128500.0,132000.0,127500.0,33274
2021-12-06,130000.0,131500.0,131500.0,128000.0,34541
2021-12-07,131500.0,129500.0,132500.0,129000.0,30366
2021-12-08,133500.0,133000.0,135000.0,131500.0,47265
2021-12-09,134500.0,135000.0,136000.0,133000.0,41935
2021-12-10,135000.0,134500.0,136000.0,133000.0,24775
2021-12-13,134000.0,135000.0,136000.0,133000.0,35184
2021-12-14,131500.0,133000.0,135000.0,131500.0,25931
2021-12-15,131500.0,131500.0,133500.0,131000.0,16396
2021-12-16,132000.0,132000.0,133000.0,130500.0,17275
2021-12-17,133500.0,132000.0,134000.0,131000.0,31490
2021-12-20,130000.0,133500.0,133500.0,130000.0,25528
2021-12-21,129500.0,130500.0,132000.0,129500.0,23377
2021-12-22,130000.0,129500.0,131000.0,129000.0,16556
2021-12-23,130500.0,131000.0,131500.0,130000.0,18977
2021-12-24,129500.0,130500.0,131500.0,129000.0,29213
2021-12-27,129000.0,130000.0,131000.0,128500.0,29982
2021-12-28,125000.0,129000.0,129500.0,123500.0,190152
2021-12-29,126500.0,125000.0,128000.0,124000.0,58042
2021-12-30,126000.0,126500.0,126500.0,124500.0,66720
2022-01-03,129000.0,125500.0,130000.0,125500.0,48010
2022-01-04,129000.0,129500.0,129500.0,127500.0,29849
2022-01-05,126500.0,128000.0,129500.0,126000.0,59947
2022-01-06,125500.0,126500.0,127500.0,125000.0,50687
2022-01-07,127500.0,125500.0,127500.0,125000.0,32423
2022-01-10,126000.0,126500.0,127500.0,125000.0,26951
2022-01-11,126000.0,125000.0,126500.0,124500.0,36051
2022-01-12,127500.0,126500.0,127500.0,126000.0,27916
2022-01-13,128000.0,128000.0,128000.0,127000.0,23848
2022-01-14,124500.0,128000.0,128000.0,124500.0,37157
2022-01-17,123500.0,124500.0,125000.0,122500.0,36572
2022-01-18,121500.0,124000.0,124000.0,121000.0,31556
2022-01-19,120000.0,120500.0,121500.0,119000.0,40836
2022-01-20,124000.0,120500.0,125000.0,120000.0,35024
2022-01-21,124000.0,122500.0,125500.0,122500.0,35527
2022-01-24,121000.0,125000.0,125500.0,120500.0,32670
2022-01-25,117500.0,121000.0,121000.0,117000.0,44706
2022-01-26,117000.0,117000.0,118500.0,117000.0,27250
2022-01-27,113000.0,116500.0,117500.0,112000.0,60702
2022-01-28,116000.0,113500.0,117000.0,113000.0,40308
2022-02-03,119000.0,116000.0,121500.0,116000.0,35595
2022-02-04,121000.0,119000.0,122000.0,119000.0,31654
2022-02-07,121000.0,121000.0,121500.0,118500.0,28257
2022-02-08,122000.0,122000.0,124000.0,121000.0,31727
2022-02-09,125000.0,124000.0,125500.0,122500.0,24623
2022-02-10,127500.0,124000.0,128000.0,124000.0,48321
2022-02-11,124500.0,127000.0,127000.0,124000.0,38299
2022-02-14,117500.0,120500.0,122000.0,116000.0,69980
2022-02-15,122000.0,118000.0,125000.0,117500.0,61383
2022-02-16,123500.0,122000.0,124500.0,120000.0,39305
2022-02-17,123000.0,124000.0,125500.0,120500.0,43336
2022-02-18,124500.0,121500.0,124500.0,121000.0,22205
2022-02-21,125000.0,121500.0,126000.0,121500.0,30671
2022-02-22,125000.0,125000.0,126000.0,123000.0,37730
2022-02-23,124000.0,126500.0,126500.0,123500.0,37535
2022-02-24,123500.0,123500.0,125000.0,122000.0,37325
2022-02-25,123500.0,124000.0,125000.0,123000.0,29933
2022-02-28,124000.0,123500.0,125000.0,122000.0,37907
2022-03-02,131000.0,124500.0,133000.0,124000.0,136465
2022-03-03,131500.0,133000.0,134000.0,131000.0,77408
2022-03-04,132000.0,131500.0,134500.0,131000.0,62447
2022-03-07,130000.0,131500.0,132500.0,129000.0,62195
2022-03-08,128000.0,127500.0,131000.0,125000.0,58777
2022-03-10,133000.0,130000.0,134000.0,129500.0,71427
2022-03-11,134000.0,132500.0,135000.0,131000.0,73432
2022-03-14,137500.0,133500.0,138000.0,132000.0,95012
2022-03-15,133500.0,137000.0,137000.0,132500.0,61811
2022-03-16,134500.0,133500.0,135500.0,133500.0,25623
2022-03-17,134000.0,137000.0,138000.0,134000.0,42514
2022-03-18,135500.0,134000.0,136500.0,133000.0,68348
2022-03-21,131000.0,135500.0,135500.0,131000.0,37265
2022-03-22,132000.0,130500.0,133000.0,130500.0,18726
2022-03-23,132500.0,132000.0,133500.0,132000.0,28272
2022-03-24,132000.0,131000.0,133500.0,130500.0,26991
2022-03-25,127500.0,132000.0,132000.0,127000.0,58671
2022-03-28,130000.0,127000.0,130500.0,126000.0,27455
2022-03-29,130500.0,131000.0,131500.0,129000.0,33944
2022-03-30,131000.0,131500.0,131500.0,130500.0,22188
2022-03-31,129500.0,131500.0,132000.0,128000.0,38131
2022-04-01,126500.0,128000.0,128500.0,126500.0,40994
2022-04-04,127000.0,126500.0,127500.0,125000.0,30107
2022-04-05,128000.0,127000.0,128000.0,126000.0,26338
2022-04-06,127000.0,127500.0,128500.0,126500.0,25328
2022-04-07,125500.0,125500.0,127000.0,125000.0,29713
2022-04-08,122000.0,125500.0,126000.0,121500.0,52197
2022-04-11,122000.0,121500.0,122500.0,119500.0,53137
2022-04-12,123000.0,121000.0,125500.0,121000.0,50776
2022-04-13,127500.0,124500.0,129000.0,123000.0,120438
2022-04-14,129000.0,126500.0,130000.0,126000.0,67263
2022-04-15,130000.0,127000.0,131500.0,126500.0,60779
2022-04-18,132000.0,129500.0,132500.0,128000.0,54533
2022-04-19,130000.0,132500.0,133000.0,129500.0,60688
2022-04-20,128000.0,129000.0,129500.0,127000.0,65182
2022-04-21,127000.0,129000.0,129500.0,127000.0,46930
2022-04-22,125000.0,127000.0,128000.0,125000.0,44550
2022-04-25,122000.0,124000.0,124000.0,121500.0,40942
2022-04-26,121000.0,122500.0,123500.0,120500.0,49158
2022-04-27,119500.0,117500.0,121000.0,117000.0,37442
2022-04-28,121500.0,119000.0,122500.0,118000.0,37567
2022-04-29,123000.0,121000.0,123500.0,121000.0,27947
2022-05-02,122500.0,122500.0,123500.0,121000.0,18957
2022-05-03,121000.0,122000.0,123500.0,120500.0,31103
2022-05-04,122000.0,121000.0,122000.0,120500.0,23075
2022-05-06,120500.0,120500.0,122000.0,119500.0,27226
2022-05-09,118500.0,120000.0,120500.0,117500.0,35737
2022-05-10,121500.0,119000.0,122500.0,115500.0,71519
2022-05-11,127000.0,121000.0,128000.0,120000.0,138674
2022-05-12,129000.0,127500.0,131500.0,126000.0,114004
2022-05-13,131000.0,131000.0,132000.0,130000.0,74074
2022-05-16,131500.0,131000.0,133000.0,129500.0,63712
2022-05-17,131500.0,131000.0,132500.0,130500.0,22972
2022-05-18,132500.0,131000.0,133000.0,129000.0,38045
2022-05-19,125500.0,131000.0,131000.0,125500.0,76344
2022-05-20,124500.0,126500.0,127500.0,123000.0,80555
2022-05-23,123000.0,124500.0,124500.0,122000.0,42648
2022-05-24,125500.0,122500.0,126000.0,122500.0,39830
2022-05-25,125500.0,126500.0,128000.0,124000.0,35812
2022-05-26,127500.0,124000.0,127500.0,124000.0,36138
2022-05-27,129000.0,128000.0,130500.0,126500.0,39071
2022-05-30,129500.0,130000.0,130500.0,129000.0,21877
2022-05-31,129500.0,129500.0,130000.0,128000.0,55135
2022-06-02,125500.0,128000.0,128000.0,125000.0,37414
2022-06-03,129000.0,127000.0,129500.0,126000.0,27737
2022-06-07,124000.0,128000.0,128500.0,124000.0,42315
2022-06-08,122500.0,124000.0,125000.0,122000.0,36951
2022-06-09,121000.0,122000.0,122500.0,119500.0,76240
2022-06-10,120500.0,119500.0,122000.0,119000.0,31332
2022-06-13,115500.0,119500.0,120000.0,114000.0,72356
2022-06-14,112000.0,114500.0,115000.0,110500.0,72224
2022-06-15,112500.0,113000.0,116500.0,110500.0,75713
2022-06-16,114000.0,113500.0,115000.0,113000.0,32809
2022-06-17,111000.0,111500.0,111500.0,109500.0,93726
2022-06-20,112000.0,111500.0,113000.0,110000.0,39203
2022-06-21,111500.0,113000.0,113500.0,111000.0,24775
2022-06-22,110000.0,112000.0,112000.0,109500.0,22901
2022-06-23,110000.0,110500.0,113000.0,109500.0,43502
2022-06-24,112500.0,109000.0,113500.0,109000.0,31371
2022-06-27,115500.0,112500.0,115500.0,111500.0,32090
2022-06-28,114500.0,115500.0,117000.0,113500.0,27768
2022-06-29,115000.0,114500.0,116000.0,113500.0,17981
2022-06-30,114000.0,115500.0,116000.0,113500.0,38856
2022-07-01,114000.0,117000.0,117000.0,113000.0,31916
2022-07-04,117500.0,115500.0,119500.0,115000.0,59687
2022-07-05,121500.0,118500.0,122000.0,118000.0,45775
2022-07-06,118000.0,120000.0,121000.0,118000.0,31135
2022-07-07,117000.0,120000.0,120500.0,117000.0,34175
2022-07-08,122000.0,117500.0,122500.0,117500.0,42152
2022-07-11,116000.0,120500.0,121000.0,115500.0,52801
2022-07-12,112500.0,116000.0,116000.0,111000.0,45482
2022-07-13,115000.0,114000.0,117000.0,113500.0,38124
2022-07-14,115000.0,113500.0,115500.0,113500.0,29343
2022-07-15,111500.0,115000.0,115000.0,111000.0,36943
2022-07-18,113000.0,112000.0,113500.0,111000.0,42909
2022-07-19,113000.0,112500.0,114000.0,112000.0,33156
2022-07-20,113000.0,114500.0,115000.0,112000.0,45939
2022-07-21,115500.0,113000.0,116500.0,112500.0,57115
2022-07-22,116500.0,114500.0,117500.0,114000.0,36704
2022-07-25,116000.0,116500.0,117500.0,115500.0,26155
2022-07-26,118000.0,115000.0,119500.0,115000.0,47196
2022-07-27,118000.0,118500.0,119500.0,117000.0,31991
2022-07-28,116000.0,118000.0,119500.0,115000.0,43085
2022-07-29,116500.0,117000.0,117000.0,115000.0,39535
2022-08-01,114500.0,116000.0,116000.0,113500.0,39794
2022-08-02,113500.0,113500.0,114000.0,112000.0,51539
2022-08-03,115500.0,112500.0,115500.0,112500.0,38494
2022-08-04,115000.0,115500.0,115500.0,114000.0,28882
2022-08-05,114500.0,115000.0,116500.0,114000.0,35495
2022-08-08,115000.0,114000.0,115000.0,113000.0,35349
2022-08-09,122500.0,116500.0,123000.0,116500.0,152700
2022-08-10,125500.0,122500.0,127500.0,122000.0,111423
2022-08-11,125500.0,125500.0,128000.0,123500.0,67539
2022-08-12,127500.0,125500.0,127500.0,124500.0,57587
2022-08-16,128000.0,127500.0,129000.0,126000.0,44182
2022-08-17,127500.0,129000.0,129000.0,125500.0,27923
2022-08-18,126500.0,126000.0,128000.0,125500.0,31318
2022-08-19,124500.0,126500.0,126500.0,123000.0,27613
2022-08-22,125000.0,123000.0,126000.0,121500.0,41145
2022-08-23,121500.0,123000.0,125000.0,121500.0,19310
2022-08-24,121500.0,122500.0,123000.0,120500.0,32027
2022-08-25,122000.0,122000.0,122500.0,121000.0,18160
2022-08-26,121500.0,122000.0,123500.0,120500.0,28282
2022-08-29,119500.0,118000.0,120000.0,117500.0,30333
2022-08-30,119000.0,118500.0,119500.0,117500.0,33594
2022-08-31,118500.0,118500.0,119500.0,118000.0,40918
2022-09-01,118000.0,118500.0,120000.0,117000.0,38686
2022-09-02,117500.0,118000.0,119000.0,116500.0,24217
2022-09-05,116500.0,118000.0,120000.0,115500.0,20918
2022-09-06,116500.0,117500.0,118500.0,115500.0,24938
2022-09-07,113500.0,115500.0,116000.0,112500.0,33634
2022-09-08,113500.0,114000.0,115500.0,112500.0,31824
2022-09-13,116500.0,115000.0,117000.0,114500.0,37930
2022-09-14,112500.0,115000.0,115000.0,112000.0,49252
2022-09-15,113000.0,112500.0,113500.0,112000.0,39694
2022-09-16,108500.0,112500.0,113000.0,107000.0,101006
2022-09-19,106500.0,108000.0,108500.0,104500.0,64435
2022-09-20,106500.0,108000.0,108500.0,106000.0,46936
2022-09-21,106000.0,106000.0,107500.0,104500.0,45406
2022-09-22,103500.0,105000.0,105000.0,103000.0,57898
2022-09-23,100500.0,104500.0,104500.0,100500.0,50854
2022-09-26,96000.0,99900.0,100500.0,95300.0,99928
2022-09-27,95700.0,96000.0,97000.0,93500.0,98001
2022-09-28,97200.0,94500.0,97500.0,93900.0,119909
2022-09-29,94500.0,97400.0,98100.0,93700.0,99381
2022-09-30,90400.0,94200.0,94300.0,90000.0,116038
2022-10-04,92000.0,90600.0,93100.0,90600.0,72918
2022-10-05,86600.0,92800.0,93500.0,85400.0,168098
2022-10-06,85900.0,86600.0,86900.0,85700.0,115356
2022-10-07,83200.0,85800.0,85800.0,82000.0,154247
2022-10-11,80300.0,80900.0,81500.0,78100.0,214064
2022-10-12,78600.0,79900.0,81000.0,78100.0,159247
2022-10-13,77500.0,78800.0,79400.0,77000.0,111133
2022-10-14,81000.0,78000.0,81000.0,77200.0,139784
2022-10-17,78400.0,79400.0,79800.0,77900.0,68385
2022-10-18,84100.0,79800.0,84100.0,79500.0,110364
2022-10-19,83200.0,84300.0,84400.0,82600.0,60961
2022-10-20,85000.0,83100.0,85000.0,82900.0,88815
2022-10-21,82300.0,84700.0,84800.0,82200.0,66799
2022-10-24,82400.0,84200.0,84200.0,82300.0,30003
2022-10-25,79800.0,82500.0,82600.0,79700.0,35761
2022-10-26,80100.0,79800.0,80500.0,78900.0,24498
2022-10-27,85000.0,80800.0,85000.0,80600.0,93351
2022-10-28,86900.0,83900.0,87200.0,83800.0,61613
2022-10-31,87900.0,87800.0,87900.0,84800.0,62078
2022-11-01,86100.0,87600.0,88800.0,86000.0,55215
2022-11-02,87500.0,85200.0,87800.0,83800.0,74431
2022-11-03,85000.0,85300.0,86400.0,84700.0,62159
2022-11-04,86300.0,84200.0,86300.0,83900.0,61870
2022-11-07,87900.0,86500.0,87900.0,85700.0,60393
2022-11-08,88500.0,88500.0,89400.0,86900.0,83995
2022-11-09,86800.0,88500.0,88600.0,86500.0,100133
2022-11-10,84200.0,85900.0,86100.0,84000.0,127591
2022-11-11,86600.0,86500.0,88700.0,83800.0,211458
2022-11-14,90000.0,86600.0,91000.0,86600.0,149101
2022-11-15,91700.0,91000.0,91900.0,88500.0,111815
2022-11-16,90600.0,92000.0,92400.0,88800.0,95430
2022-11-17,91400.0,90600.0,92600.0,89800.0,75085
2022-11-18,89500.0,91600.0,91600.0,89500.0,61414
2022-11-21,88300.0,89900.0,89900.0,87400.0,70263
2022-11-22,88700.0,88700.0,89400.0,87200.0,54516
2022-11-23,89900.0,88700.0,90500.0,88500.0,51134
2022-11-24,90700.0,89600.0,90800.0,88600.0,47482
2022-11-25,92300.0,90700.0,92500.0,90100.0,62954
2022-11-28,91400.0,91900.0,92000.0,89700.0,68525
2022-11-29,92500.0,91600.0,94200.0,90600.0,97710
2022-11-30,88400.0,92500.0,92800.0,88400.0,1264673
2022-12-01,89900.0,89500.0,92700.0,89500.0,172695
2022-12-02,88000.0,90500.0,90500.0,87900.0,75783
2022-12-05,87400.0,88700.0,89500.0,87200.0,57403
2022-12-06,84600.0,87400.0,87800.0,84600.0,115145
2022-12-07,84400.0,84800.0,85200.0,83300.0,80145
2022-12-08,86700.0,84600.0,87900.0,84200.0,76908
2022-12-09,90700.0,86800.0,91700.0,86800.0,123633
2022-12-12,89800.0,91000.0,91600.0,89700.0,54343
2022-12-13,90000.0,90800.0,90800.0,89000.0,38408
2022-12-14,91400.0,90700.0,91800.0,89600.0,65864
2022-12-15,92400.0,91000.0,93400.0,90500.0,77477
2022-12-16,91700.0,91600.0,92700.0,90300.0,55107
2022-12-19,89600.0,91200.0,91400.0,89200.0,51162
2022-12-20,90000.0,90300.0,91500.0,89100.0,55064
2022-12-21,89700.0,90900.0,90900.0,89300.0,20204
2022-12-22,93400.0,90300.0,94500.0,90300.0,101336
2022-12-23,93200.0,92800.0,94800.0,92400.0,58368
2022-12-26,93400.0,93200.0,94300.0,92400.0,43590
2022-12-27,94800.0,94100.0,95700.0,93400.0,67834
2022-12-28,94600.0,93800.0,95900.0,92500.0,53721
2022-12-29,93700.0,95600.0,97500.0,93300.0,68572
2023-01-02,91000.0,95100.0,95100.0,89700.0,35326
2023-01-03,89700.0,91600.0,92200.0,88800.0,42142
2023-01-04,87700.0,90300.0,90300.0,87200.0,69220
2023-01-05,89300.0,87700.0,90000.0,86800.0,56368
2023-01-06,88700.0,87400.0,89300.0,87400.0,45634
2023-01-09,90600.0,89700.0,91300.0,88800.0,31060
2023-01-10,89200.0,90500.0,90500.0,88800.0,36055
2023-01-11,89700.0,89600.0,89700.0,88200.0,57368
2023-01-12,88800.0,89600.0,90300.0,88800.0,57982
2023-01-13,92700.0,90000.0,93100.0,89900.0,83787
2023-01-16,93000.0,92400.0,93500.0,91600.0,34112
2023-01-17,91700.0,92000.0,92900.0,90800.0,30514
2023-01-18,93500.0,91700.0,93500.0,91300.0,31968
2023-01-19,93000.0,92100.0,94000.0,92100.0,34301
2023-01-20,92300.0,92200.0,92700.0,91200.0,44209
2023-01-25,90400.0,92500.0,93000.0,90200.0,53685
2023-01-26,90200.0,90300.0,90900.0,89500.0,69383
2023-01-27,91500.0,90000.0,92000.0,89900.0,51994
2023-01-30,90300.0,91500.0,91900.0,90200.0,29220
2023-01-31,90200.0,90900.0,90900.0,89900.0,43132
2023-02-01,90100.0,90200.0,90300.0,89400.0,46094
2023-02-02,90400.0,90700.0,91300.0,90000.0,55464
2023-02-03,91900.0,90400.0,93300.0,89800.0,65516
2023-02-06,89700.0,91400.0,91400.0,89700.0,57365
2023-02-07,89600.0,89700.0,89900.0,89100.0,41820
2023-02-08,89800.0,89600.0,90400.0,89100.0,51566
2023-02-09,89100.0,90000.0,90700.0,89100.0,51224
2023-02-10,87200.0,89100.0,89300.0,86800.0,91269
2023-02-13,86500.0,87200.0,87900.0,86200.0,44503
2023-02-14,86500.0,87000.0,87100.0,85900.0,34389
2023-02-15,83500.0,86600.0,86600.0,83000.0,109662
2023-02-16,84400.0,83700.0,84800.0,83700.0,31805
2023-02-17,83600.0,83700.0,84500.0,82900.0,37878
2023-02-20,84100.0,83600.0,85100.0,83000.0,46005
2023-02-21,84800.0,84000.0,85000.0,83400.0,32581
2023-02-22,83400.0,84200.0,84200.0,83100.0,41104
2023-02-23,83800.0,83400.0,84500.0,83300.0,24913
2023-02-24,83300.0,83600.0,84300.0,83300.0,35878
2023-02-27,82500.0,82800.0,82900.0,81500.0,40057
2023-02-28,81700.0,82600.0,83600.0,81700.0,45978
2023-03-02,83600.0,82000.0,84600.0,81800.0,57904
2023-03-03,82900.0,83600.0,83900.0,82100.0,30126
2023-03-06,82400.0,83500.0,83500.0,82300.0,27357
2023-03-07,82200.0,82500.0,83100.0,82200.0,31380
2023-03-08,81000.0,81700.0,82100.0,80600.0,46254
2023-03-09,80800.0,81000.0,81700.0,80500.0,43228
2023-03-10,79300.0,80600.0,80700.0,79300.0,47171
2023-03-13,79000.0,79900.0,79900.0,77500.0,42525
2023-03-14,77800.0,78200.0,78900.0,77300.0,35409
2023-03-15,77500.0,78700.0,78700.0,77200.0,51730
2023-03-16,76900.0,76800.0,77200.0,75900.0,42435
2023-03-17,78900.0,77600.0,78900.0,76800.0,54526
2023-03-20,78500.0,79400.0,79500.0,77700.0,21912
2023-03-21,78700.0,78900.0,79100.0,78100.0,25089
2023-03-22,78600.0,79000.0,79100.0,78100.0,26852
2023-03-23,79200.0,78600.0,79300.0,77600.0,42967
2023-03-24,78400.0,78500.0,79200.0,78000.0,32799
2023-03-27,77400.0,78900.0,78900.0,76700.0,31564
2023-03-28,78000.0,77500.0,78200.0,77200.0,31205
2023-03-29,78100.0,78300.0,79000.0,77600.0,31765
2023-03-30,79100.0,78200.0,79700.0,77800.0,40029
2023-03-31,79900.0,79300.0,80500.0,78400.0,47718
2023-04-03,78100.0,80000.0,80100.0,78100.0,41598
2023-04-04,79300.0,78600.0,79400.0,77700.0,48867
2023-04-05,79000.0,79600.0,80200.0,78300.0,50000
2023-04-06,78100.0,78800.0,78900.0,78000.0,40794
2023-04-07,78100.0,78200.0,78600.0,77400.0,23099
2023-04-10,77000.0,77900.0,77900.0,77000.0,36755
2023-04-11,78300.0,77000.0,78300.0,77000.0,34157
2023-04-12,79000.0,78600.0,79200.0,78100.0,44483
2023-04-13,79300.0,78900.0,79400.0,78000.0,43548
2023-04-14,81000.0,79500.0,81700.0,79300.0,100564
2023-04-17,79900.0,81200.0,81200.0,79600.0,35423
2023-04-18,80100.0,79600.0,80400.0,79100.0,44577
2023-04-19,79300.0,80100.0,80500.0,79200.0,37560
2023-04-20,79700.0,79400.0,79800.0,78600.0,29580
2023-04-21,79400.0,79400.0,79700.0,78600.0,49369
2023-04-24,77700.0,79400.0,79400.0,77500.0,36888
2023-04-25,77900.0,78000.0,78800.0,77500.0,29634
2023-04-26,77300.0,77900.0,78400.0,77200.0,34918
2023-04-27,75900.0,77300.0,77300.0,75200.0,78354
2023-04-28,77100.0,75900.0,78100.0,75900.0,45457
2023-05-02,77500.0,76800.0,78100.0,76300.0,24638
2023-05-03,77900.0,77500.0,78300.0,76900.0,33753
2023-05-04,79500.0,77000.0,79700.0,76500.0,53844
2023-05-08,80200.0,78800.0,80200.0,78400.0,52094
2023-05-09,82300.0,79900.0,83200.0,79800.0,121139
2023-05-10,82900.0,82700.0,84300.0,82300.0,91266
2023-05-11,83700.0,82900.0,84100.0,82500.0,63280
2023-05-12,82500.0,83900.0,83900.0,82000.0,34980
2023-05-15,81400.0,81800.0,82000.0,80500.0,23257
2023-05-16,81400.0,81700.0,81900.0,80900.0,21461
2023-05-17,81600.0,81400.0,82100.0,81000.0,19145
2023-05-18,81200.0,81400.0,81800.0,80400.0,28734
2023-05-19,81300.0,81200.0,81500.0,80600.0,37957
2023-05-22,83100.0,81300.0,83700.0,81300.0,48338
2023-05-23,84200.0,83100.0,85100.0,82500.0,45524
2023-05-24,85600.0,83700.0,85800.0,83500.0,57215
2023-05-25,83000.0,84600.0,85400.0,83000.0,48707
2023-05-26,83700.0,82600.0,84100.0,82100.0,26045
2023-05-30,82200.0,83700.0,84300.0,82100.0,31575
2023-05-31,81500.0,82200.0,83200.0,80700.0,67357
2023-06-01,81400.0,81500.0,82400.0,81000.0,35143
2023-06-02,80900.0,81400.0,81500.0,80400.0,45467
2023-06-05,81400.0,80900.0,82300.0,80500.0,44355
2023-06-07,81700.0,81900.0,81900.0,81200.0,51871
2023-06-08,83000.0,82600.0,84700.0,82200.0,97848
2023-06-09,81400.0,83800.0,83800.0,81300.0,68236
2023-06-12,81400.0,82000.0,82300.0,80800.0,55969
2023-06-13,81100.0,82000.0,82900.0,81000.0,75737
2023-06-14,80600.0,80700.0,81400.0,80100.0,60216
2023-06-15,79900.0,80600.0,81100.0,79100.0,73776
2023-06-16,80700.0,80000.0,81500.0,80000.0,65196
2023-06-19,79300.0,80700.0,81300.0,79100.0,53730
2023-06-20,78300.0,79300.0,79800.0,78100.0,59064
2023-06-21,77600.0,78300.0,78300.0,77100.0,54229
2023-06-22,77200.0,77100.0,77700.0,76600.0,131213
2023-06-23,76600.0,77000.0,77200.0,76100.0,93656
2023-06-26,74600.0,76300.0,76600.0,74400.0,82392
2023-06-27,74800.0,74300.0,75500.0,74300.0,43968
2023-06-28,78300.0,74800.0,78300.0,74800.0,68198
2023-06-29,76500.0,78400.0,78700.0,76400.0,52712
2023-06-30,76400.0,77400.0,77400.0,75300.0,32606
2023-07-03,76000.0,76300.0,77100.0,75600.0,49011
2023-07-04,76000.0,76000.0,76500.0,75600.0,25723
2023-07-05,70800.0,75800.0,75800.0,70500.0,258958
2023-07-06,71400.0,70800.0,71700.0,69000.0,93776
2023-07-07,69800.0,70500.0,70600.0,69000.0,82882
2023-07-10,70800.0,69800.0,71400.0,69200.0,30241
2023-07-11,71700.0,71500.0,72000.0,70800.0,43499
2023-07-12,72800.0,71600.0,73100.0,70900.0,57556
2023-07-13,72100.0,73500.0,73800.0,72000.0,60147
2023-07-14,75200.0,72800.0,75500.0,72600.0,87991
2023-07-17,75200.0,75000.0,75600.0,73400.0,37849
2023-07-18,72800.0,75600.0,75600.0,72200.0,92386
2023-07-19,75200.0,72800.0,76400.0,72800.0,112247
2023-07-20,77400.0,75200.0,77700.0,75000.0,129682
2023-07-21,75700.0,77400.0,77500.0,75100.0,71192
2023-07-24,74400.0,75200.0,75400.0,73700.0,80791
2023-07-25,73700.0,74000.0,74500.0,73200.0,58818
2023-07-26,71300.0,73200.0,73600.0,70200.0,111592
2023-07-27,73700.0,71300.0,73700.0,71300.0,79191
2023-07-28,73000.0,72600.0,73400.0,72400.0,38308
2023-07-31,72000.0,73300.0,73900.0,71800.0,84872
2023-08-01,73000.0,71800.0,74600.0,71500.0,132488
2023-08-02,73300.0,72900.0,74200.0,72900.0,125972
2023-08-03,74600.0,73600.0,76600.0,72900.0,271536
2023-08-04,82500.0,74700.0,82600.0,74600.0,349188
2023-08-07,80800.0,81600.0,81600.0,77900.0,172998
2023-08-08,77700.0,78400.0,79200.0,76300.0,221927
2023-08-09,78300.0,77500.0,79600.0,77000.0,99930
2023-08-10,80500.0,78100.0,80800.0,78100.0,79702
2023-08-11,83000.0,80100.0,83100.0,79700.0,134174
2023-08-14,81300.0,83100.0,83300.0,80800.0,74704
2023-08-16,80800.0,81400.0,81500.0,79800.0,96434
2023-08-17,78900.0,80600.0,80600.0,78100.0,67895
2023-08-18,81100.0,77600.0,81600.0,77600.0,85431
2023-08-21,80000.0,81100.0,81500.0,79600.0,37677
2023-08-22,79200.0,79500.0,80600.0,78400.0,47945
2023-08-23,79500.0,78400.0,80300.0,78300.0,36365
2023-08-24,78600.0,79700.0,80000.0,78400.0,45532
2023-08-25,78700.0,77800.0,80100.0,77800.0,31754
2023-08-28,81000.0,79900.0,82300.0,79900.0,55307
2023-08-29,80600.0,81100.0,82200.0,80400.0,29817
2023-08-30,79400.0,81400.0,81400.0,79300.0,34374
2023-08-31,78900.0,79400.0,79900.0,78600.0,29460
2023-09-01,82300.0,78200.0,82900.0,78100.0,125807
2023-09-04,82500.0,82500.0,83000.0,81200.0,56550
2023-09-05,81000.0,81700.0,82800.0,80800.0,43153
2023-09-06,79700.0,80800.0,81300.0,79200.0,47399
2023-09-07,79200.0,79300.0,80500.0,79000.0,26128
2023-09-08,81100.0,80200.0,81400.0,79200.0,30816
2023-09-11,80800.0,81100.0,81500.0,80100.0,32573
2023-09-12,79700.0,81300.0,82100.0,79700.0,30545
2023-09-13,79300.0,79500.0,80200.0,79100.0,28438
2023-09-14,80600.0,80000.0,80700.0,79300.0,55400
2023-09-15,79800.0,80400.0,80500.0,79200.0,64185
2023-09-18,85600.0,79800.0,86500.0,79800.0,225600
2023-09-19,84400.0,85400.0,86400.0,83800.0,64319
2023-09-20,82100.0,83700.0,84900.0,81600.0,57548
2023-09-21,81100.0,82800.0,82800.0,81000.0,35067
2023-09-22,81500.0,80100.0,82300.0,79800.0,45987
2023-09-25,79800.0,81100.0,81700.0,79500.0,28361
2023-09-26,80600.0,79200.0,81400.0,78600.0,41008
2023-09-27,80800.0,79700.0,81800.0,79000.0,31789
2023-10-04,81300.0,80100.0,82900.0,79700.0,68692
2023-10-05,83600.0,81200.0,84100.0,80700.0,67039
2023-10-06,82900.0,84000.0,84000.0,82700.0,34724
2023-10-10,81200.0,83000.0,84000.0,80600.0,45116
2023-10-11,80400.0,81000.0,82400.0,80300.0,33266
2023-10-12,79300.0,81300.0,81300.0,79000.0,64674
2023-10-13,78600.0,79100.0,79800.0,77500.0,34951
2023-10-16,76700.0,77900.0,78200.0,76000.0,136225
2023-10-17,78000.0,77900.0,78600.0,76800.0,34781
2023-10-18,79400.0,77800.0,79500.0,77200.0,52491
2023-10-19,78100.0,79300.0,79300.0,77600.0,31445
2023-10-20,76000.0,78200.0,78200.0,75000.0,51586
2023-10-23,74300.0,75900.0,75900.0,73100.0,25845
2023-10-24,75400.0,75000.0,76200.0,72600.0,87128
2023-10-25,76100.0,75100.0,76400.0,75000.0,42010
2023-10-26,75100.0,76400.0,76400.0,74500.0,41743
2023-10-27,74400.0,76600.0,76600.0,74100.0,34648
2023-10-30,75600.0,74400.0,76000.0,73500.0,33015
2023-10-31,75900.0,76300.0,76800.0,75500.0,36674
2023-11-01,76200.0,76800.0,76800.0,75000.0,33418
2023-11-02,75900.0,76400.0,76500.0,75400.0,49731
2023-11-03,75900.0,76000.0,77000.0,74500.0,48021
2023-11-06,78400.0,76800.0,78400.0,76300.0,56413
2023-11-07,77500.0,77700.0,78700.0,77000.0,74956
2023-11-08,80500.0,78500.0,81200.0,77000.0,117110
2023-11-09,79600.0,80000.0,80900.0,78700.0,74416
2023-11-10,79600.0,78700.0,80600.0,78700.0,66853
2023-11-13,79200.0,80000.0,80300.0,78900.0,40518
2023-11-14,79500.0,79900.0,81000.0,79500.0,48365
2023-11-15,79700.0,80900.0,81300.0,78800.0,113333
2023-11-16,79200.0,79700.0,80200.0,78700.0,59650
2023-11-17,87400.0,79900.0,89900.0,79800.0,465532
2023-11-20,89900.0,87400.0,92900.0,86500.0,309613
2023-11-21,91900.0,90400.0,92500.0,88800.0,113742
2023-11-22,93500.0,91500.0,94900.0,90700.0,152348
2023-11-23,96300.0,93000.0,97200.0,92400.0,196841
2023-11-24,95800.0,96900.0,97200.0,95000.0,84624
2023-11-27,103500.0,95600.0,103800.0,95100.0,219967
2023-11-28,103100.0,103500.0,104300.0,101300.0,113375
2023-11-29,107200.0,103200.0,108000.0,101900.0,230705
2023-11-30,113100.0,107200.0,114700.0,105500.0,319834
2023-12-01,113800.0,114000.0,121000.0,112200.0,406167
2023-12-04,112800.0,113100.0,115400.0,111000.0,175801
2023-12-05,113500.0,112700.0,119600.0,112100.0,230581
2023-12-06,117500.0,114600.0,119500.0,113700.0,192719
2023-12-07,115500.0,117600.0,119600.0,114700.0,134962
2023-12-08,118600.0,116600.0,121200.0,115800.0,217167
2023-12-11,120800.0,117600.0,121400.0,116400.0,94733
2023-12-12,119500.0,120800.0,125200.0,118700.0,139623
2023-12-13,119800.0,120000.0,123300.0,119300.0,85786
2023-12-14,121800.0,122900.0,123000.0,118100.0,173903
2023-12-15,118200.0,121100.0,121700.0,113700.0,283258
2023-12-18,116500.0,118200.0,118200.0,115500.0,117367
2023-12-19,117000.0,117000.0,122000.0,115400.0,99972
2023-12-20,125300.0,118100.0,126500.0,117000.0,236364
2023-12-21,123800.0,124300.0,125300.0,121000.0,166202
2023-12-22,126300.0,124000.0,129600.0,122500.0,106048
2023-12-26,125600.0,126700.0,128400.0,124300.0,45760
2023-12-27,129000.0,125600.0,129600.0,125300.0,75777
2023-12-28,127200.0,128000.0,129500.0,126500.0,79844
2024-01-02,127900.0,127100.0,131400.0,126900.0,111937
2024-01-03,125100.0,127900.0,130000.0,125100.0,85241
2024-01-04,126200.0,125000.0,128200.0,123500.0,80355
2024-01-05,125100.0,126300.0,128000.0,124900.0,51587
2024-01-08,128000.0,125600.0,128900.0,124500.0,90676
2024-01-09,128400.0,129300.0,129300.0,126300.0,57047
2024-01-10,133000.0,129300.0,134100.0,128800.0,125306
2024-01-11,132500.0,134100.0,136500.0,131300.0,118432
2024-01-12,131500.0,132500.0,132800.0,129000.0,65378
2024-01-15,126000.0,131500.0,132000.0,125500.0,131203
2024-01-16,124100.0,124800.0,127800.0,120200.0,101585
2024-01-17,123000.0,123500.0,124400.0,120100.0,89943
2024-01-18,122400.0,122100.0,124400.0,122000.0,34205
2024-01-19,121900.0,123000.0,124800.0,119000.0,93183
2024-01-22,126000.0,123100.0,128900.0,122000.0,88133
2024-01-23,124700.0,126000.0,127300.0,124000.0,46147
2024-01-24,122500.0,125500.0,125500.0,121200.0,43983
2024-01-25,129600.0,122500.0,131400.0,121500.0,166402
2024-01-26,136000.0,130000.0,136600.0,129400.0,154588
2024-01-29,136900.0,136100.0,138700.0,135300.0,96053
2024-01-30,133600.0,137100.0,139100.0,133000.0,82859
2024-01-31,135800.0,133000.0,136600.0,132900.0,85465
2024-02-01,137400.0,135700.0,138500.0,134500.0,145952
2024-02-02,148500.0,136000.0,148600.0,134500.0,236800
2024-02-05,143100.0,146000.0,146500.0,140000.0,96853
2024-02-06,142800.0,142900.0,146700.0,140000.0,69554
2024-02-07,145300.0,144900.0,147800.0,142800.0,80158
2024-02-08,139100.0,147100.0,147500.0,135100.0,146222
2024-02-13,134900.0,141900.0,142600.0,131800.0,124475
2024-02-14,138600.0,133200.0,140400.0,131400.0,102592
2024-02-15,135800.0,139900.0,140500.0,135500.0,59891
2024-02-16,139300.0,137800.0,139400.0,136400.0,75064
2024-02-19,134000.0,139300.0,140000.0,131600.0,153198
2024-02-20,130500.0,134000.0,134000.0,128700.0,122012
2024-02-21,132700.0,131600.0,132900.0,129400.0,77588
2024-02-22,129200.0,132700.0,132900.0,127700.0,127334
2024-02-23,128300.0,129000.0,132600.0,127200.0,136717
2024-02-26,128300.0,129300.0,129500.0,126900.0,59908
2024-02-27,125400.0,128300.0,129000.0,123600.0,96726
2024-02-28,124800.0,126000.0,126500.0,123400.0,70894
2024-02-29,124400.0,124100.0,125700.0,121900.0,95419
2024-03-04,124000.0,125900.0,126500.0,123200.0,105514
2024-03-05,134100.0,125400.0,139300.0,124500.0,274781
2024-03-06,132700.0,134200.0,134300.0,130400.0,85715
2024-03-07,130400.0,131700.0,133400.0,129400.0,79988
2024-03-08,127600.0,132300.0,135900.0,124300.0,129731
2024-03-11,123200.0,124300.0,126900.0,118800.0,246086
2024-03-12,121400.0,123700.0,125200.0,120100.0,120575
2024-03-13,120900.0,123000.0,123100.0,120400.0,57733
2024-03-14,126100.0,121600.0,127200.0,121500.0,195471
2024-03-15,124600.0,122800.0,126200.0,120100.0,100113
2024-03-18,127900.0,125800.0,131900.0,125000.0,90085
2024-03-19,129400.0,126400.0,134100.0,126400.0,138879
2024-03-20,128700.0,130600.0,130700.0,127000.0,46641
2024-03-21,120000.0,122100.0,125000.0,115500.0,740352
2024-03-22,118200.0,121300.0,123100.0,118000.0,152984
2024-03-25,116700.0,117300.0,118200.0,113700.0,149251
2024-03-26,117100.0,116900.0,119100.0,116800.0,88668
2024-03-27,123000.0,117800.0,123900.0,117800.0,178069
2024-03-28,119700.0,123000.0,123400.0,119100.0,88994
2024-03-29,114900.0,119500.0,119900.0,114600.0,109719
2024-04-01,119100.0,115900.0,119600.0,115600.0,85636
2024-04-02,118000.0,117700.0,118700.0,115700.0,59430
2024-04-03,119000.0,117000.0,119200.0,116600.0,63056
2024-04-04,117400.0,119700.0,120000.0,116100.0,41751
2024-04-05,120000.0,116300.0,120000.0,116000.0,62962
2024-04-08,117800.0,118900.0,119400.0,114000.0,82746
2024-04-09,117800.0,118700.0,120400.0,117000.0,65587
2024-04-11,123300.0,115500.0,125500.0,115400.0,157033
2024-04-12,118200.0,123100.0,124500.0,117800.0,71897
2024-04-15,119400.0,118500.0,120300.0,116600.0,62428
2024-04-16,113800.0,118300.0,119300.0,112600.0,85509
2024-04-17,116000.0,113900.0,116200.0,113600.0,69842
2024-04-18,123000.0,116800.0,123200.0,116000.0,172346
2024-04-19,118400.0,120700.0,121700.0,117600.0,70141
2024-04-22,123500.0,120800.0,124300.0,119200.0,57537
2024-04-23,125100.0,123500.0,125100.0,120400.0,51720
2024-04-24,125000.0,126200.0,126200.0,122900.0,72162
2024-04-25,127200.0,123100.0,129500.0,123100.0,69035
2024-04-26,125100.0,127200.0,128200.0,124800.0,44598
2024-04-29,124200.0,126300.0,127500.0,123800.0,49167
2024-04-30,122600.0,123100.0,124200.0,122000.0,64460
2024-05-02,120600.0,121900.0,124400.0,119600.0,52564
2024-05-03,121800.0,121900.0,122000.0,119600.0,38494
2024-05-07,120800.0,122900.0,124000.0,119200.0,50917
2024-05-08,129900.0,121600.0,129900.0,120000.0,139408
2024-05-09,122900.0,130000.0,131000.0,121700.0,136675
2024-05-10,119400.0,124200.0,126700.0,119000.0,126970
2024-05-13,117800.0,119400.0,121600.0,115500.0,148956
2024-05-14,114000.0,117700.0,118300.0,111400.0,240499
2024-05-16,114600.0,114600.0,115500.0,113300.0,74760
2024-05-17,113000.0,111700.0,114000.0,111700.0,82545
2024-05-20,112900.0,115000.0,117600.0,112600.0,72180
2024-05-21,111400.0,112900.0,113200.0,110700.0,98299
2024-05-22,109900.0,111400.0,111800.0,109300.0,90875
2024-05-23,110500.0,109600.0,112200.0,109500.0,49989
2024-05-24,109900.0,110500.0,110900.0,108900.0,56348
2024-05-27,109800.0,110100.0,111700.0,109600.0,37122
2024-05-28,105200.0,109600.0,110000.0,104400.0,201408
2024-05-29,104600.0,104200.0,105700.0,101900.0,124051
2024-05-30,103200.0,103700.0,104600.0,101900.0,72870
2024-05-31,103700.0,104800.0,106200.0,103100.0,96423
2024-06-03,103700.0,104900.0,105100.0,102000.0,87465
2024-06-04,101800.0,102700.0,103300.0,101800.0,42592
2024-06-05,101800.0,102800.0,103400.0,100400.0,55357
2024-06-07,103100.0,103200.0,104400.0,102000.0,44026
2024-06-10,101100.0,102100.0,102200.0,99800.0,39699
2024-06-11,100700.0,101100.0,101500.0,99900.0,46909
2024-06-12,97400.0,100900.0,101100.0,96800.0,132849
2024-06-13,99500.0,98000.0,102700.0,98000.0,160592
2024-06-14,99300.0,100400.0,103500.0,99300.0,103769
2024-06-17,99400.0,100000.0,101300.0,98800.0,63084
2024-06-18,98600.0,100100.0,100100.0,97700.0,68141
2024-06-19,98900.0,99000.0,99000.0,96700.0,65710
2024-06-20,98100.0,98700.0,99700.0,97500.0,41041
2024-06-21,97600.0,97900.0,98400.0,97000.0,55514
2024-06-24,95200.0,97100.0,97600.0,94800.0,86404
2024-06-25,97200.0,95800.0,97300.0,95500.0,65363
2024-06-26,96000.0,97200.0,97300.0,94900.0,79214
2024-06-27,94200.0,95100.0,96000.0,93600.0,62754
2024-06-28,95100.0,94300.0,96000.0,94300.0,65917
2024-07-01,95300.0,94500.0,95900.0,94100.0,39208
2024-07-02,92700.0,94800.0,94800.0,92200.0,91403
2024-07-03,94300.0,93200.0,95300.0,92100.0,77262
2024-07-04,94700.0,95500.0,95600.0,93600.0,43644
2024-07-05,93400.0,95000.0,95600.0,92100.0,57148
2024-07-08,92600.0,92800.0,93300.0,91800.0,31739
2024-07-09,93200.0,93000.0,93800.0,92300.0,46913
2024-07-10,91900.0,93700.0,93800.0,91800.0,45050
2024-07-11,91900.0,92200.0,94400.0,91800.0,113223
2024-07-12,92200.0,92300.0,92900.0,91600.0,29244
2024-07-15,90600.0,93000.0,93700.0,90300.0,72220
2024-07-16,91600.0,91100.0,93300.0,90700.0,68660
2024-07-17,90300.0,91800.0,92500.0,89700.0,104786
2024-07-18,90700.0,90400.0,91200.0,89100.0,63235
2024-07-19,93200.0,91300.0,93500.0,89800.0,94759
2024-07-22,91200.0,93200.0,93200.0,90900.0,48072
2024-07-23,93100.0,91200.0,95300.0,90900.0,108741
2024-07-24,96000.0,92300.0,97000.0,91600.0,138210
2024-07-25,94500.0,95900.0,97400.0,94100.0,87113
2024-07-26,94200.0,94600.0,95100.0,93300.0,47625
2024-07-29,95500.0,94200.0,96900.0,94000.0,44652
2024-07-30,97300.0,95200.0,99300.0,94700.0,130288
2024-07-31,98500.0,97300.0,100500.0,96600.0,133032
2024-08-01,98800.0,98500.0,100500.0,97600.0,100389
2024-08-02,99700.0,97700.0,101800.0,96700.0,156302
2024-08-05,93300.0,99700.0,100000.0,91000.0,102931
2024-08-06,96700.0,94200.0,99400.0,94200.0,73926
2024-08-07,97900.0,96100.0,100300.0,95800.0,73964
2024-08-08,99200.0,98000.0,101000.0,97400.0,130553
2024-08-09,98600.0,100200.0,101600.0,98500.0,78408
2024-08-12,100300.0,100000.0,101500.0,99500.0,81752
2024-08-13,94000.0,100300.0,101100.0,94000.0,143072
2024-08-14,96000.0,95000.0,96000.0,93200.0,94050
2024-08-16,93900.0,96900.0,96900.0,93900.0,97479
2024-08-19,94600.0,94300.0,95100.0,92800.0,65741
2024-08-20,93800.0,94700.0,95200.0,93400.0,76247
2024-08-21,93500.0,94200.0,96200.0,93500.0,69450
2024-08-22,91800.0,93500.0,94200.0,91400.0,77812
2024-08-23,93800.0,92300.0,94100.0,92100.0,55912
2024-08-26,96400.0,94000.0,97000.0,93500.0,76500
2024-08-27,97400.0,96600.0,97800.0,93700.0,100473
2024-08-28,95900.0,97400.0,97400.0,94200.0,69260
2024-08-29,93400.0,95000.0,95300.0,93300.0,71651
2024-08-30,94300.0,94300.0,96000.0,93600.0,84169
2024-09-02,94100.0,95100.0,95700.0,93600.0,48478
2024-09-03,96500.0,93800.0,96900.0,93800.0,56391
2024-09-04,92100.0,95000.0,95000.0,91600.0,90424
2024-09-05,97400.0,93000.0,98300.0,92200.0,122622
2024-09-06,100800.0,97400.0,102500.0,97100.0,229007
2024-09-09,101500.0,99800.0,102000.0,97800.0,101881
2024-09-10,98500.0,101100.0,103700.0,98400.0,112656
2024-09-11,104000.0,99900.0,105400.0,99700.0,184153
2024-09-12,101700.0,104400.0,105100.0,99700.0,158310
2024-09-13,101400.0,102000.0,102000.0,100100.0,41872
2024-09-19,99700.0,102200.0,102300.0,98500.0,59675
2024-09-20,96700.0,100200.0,100600.0,96700.0,113030
2024-09-23,98400.0,97500.0,99300.0,96400.0,71386
2024-09-24,98300.0,98900.0,99300.0,97700.0,39208
2024-09-25,97100.0,99100.0,100000.0,97100.0,58256
2024-09-26,97200.0,97900.0,97900.0,96100.0,59291
2024-09-27,97600.0,97900.0,99000.0,96500.0,54008
2024-09-30,93100.0,98500.0,98800.0,93100.0,106076
2024-10-02,92900.0,92000.0,93600.0,90600.0,63640
2024-10-04,92700.0,92300.0,93600.0,91300.0,44562
2024-10-07,92000.0,93200.0,93200.0,91700.0,40658
2024-10-08,89800.0,92000.0,92200.0,89500.0,102652
2024-10-10,90500.0,90700.0,91000.0,89100.0,107033
2024-10-11,89500.0,91000.0,91300.0,89200.0,45708
2024-10-14,90200.0,89500.0,90400.0,89100.0,41381
2024-10-15,89000.0,90200.0,90400.0,87900.0,86115
2024-10-16,88800.0,88500.0,89100.0,86700.0,96762
2024-10-17,88100.0,89100.0,89300.0,87600.0,59951
2024-10-18,89300.0,88300.0,89300.0,87900.0,53969
2024-10-21,88300.0,89500.0,89500.0,87700.0,64787
2024-10-22,87100.0,88300.0,88300.0,84200.0,127463
2024-10-23,89200.0,86400.0,90300.0,86400.0,102370
2024-10-24,90500.0,89600.0,90500.0,87700.0,59926
2024-10-25,88700.0,90600.0,90600.0,88300.0,82686
2024-10-28,89200.0,88700.0,89900.0,88300.0,29943
2024-10-29,90500.0,89200.0,90500.0,87800.0,39903
2024-10-30,87300.0,89900.0,90000.0,86400.0,93158
2024-10-31,87800.0,87200.0,88200.0,85400.0,71793
2024-11-01,88400.0,87100.0,90000.0,86200.0,61976
2024-11-04,89000.0,88100.0,89400.0,87800.0,39487
2024-11-05,88600.0,88200.0,90600.0,88200.0,51628
2024-11-06,88900.0,88700.0,89400.0,87700.0,51365
2024-11-07,86200.0,88100.0,88500.0,86100.0,69878
2024-11-08,88300.0,87000.0,90600.0,86400.0,83856
2024-11-11,83100.0,86800.0,87400.0,82700.0,122353
2024-11-12,80200.0,82500.0,83100.0,80200.0,83160
2024-11-13,79600.0,78300.0,80600.0,78300.0,47375
2024-11-14,78900.0,79600.0,80500.0,78300.0,55067
2024-11-15,77900.0,78900.0,79300.0,76800.0,310316
2024-11-18,78900.0,77300.0,79700.0,77300.0,48141
2024-11-19,79600.0,79000.0,79800.0,78000.0,31015
2024-11-20,81300.0,79700.0,81800.0,79100.0,48211
2024-11-21,79200.0,81600.0,81600.0,79200.0,44463
2024-11-22,79400.0,79300.0,80300.0,78900.0,34189
2024-11-25,80000.0,80200.0,80800.0,79400.0,44999
2024-11-26,81400.0,79500.0,81500.0,78800.0,54833
2024-11-27,80800.0,81500.0,82400.0,80400.0,47011
2024-11-28,82900.0,81400.0,84400.0,80400.0,71800
2024-11-29,81900.0,83000.0,83200.0,81600.0,34329
2024-12-02,82000.0,82700.0,83500.0,81800.0,41669
2024-12-03,84400.0,83000.0,85100.0,82100.0,55276
2024-12-04,83000.0,83800.0,84400.0,82200.0,36911
2024-12-05,81500.0,82400.0,82600.0,80700.0,30893
2024-12-06,81100.0,80700.0,82100.0,79600.0,38827
2024-12-09,79200.0,80500.0,80600.0,78100.0,44266
2024-12-10,82100.0,79500.0,82600.0,79500.0,50514
2024-12-11,83000.0,81500.0,83700.0,81100.0,41849
2024-12-12,83700.0,83200.0,85700.0,82800.0,81364
2024-12-13,85700.0,83700.0,86300.0,83400.0,65244
2024-12-16,84000.0,85700.0,86200.0,83500.0,38349
2024-12-17,82600.0,84000.0,84300.0,82600.0,43784
2024-12-18,84200.0,83300.0,84600.0,82700.0,35583
2024-12-19,81600.0,83200.0,83400.0,81500.0,49319
2024-12-20,80900.0,81600.0,82200.0,80200.0,48838
2024-12-23,82500.0,81600.0,82800.0,80400.0,38073
2024-12-24,82200.0,82700.0,83400.0,81800.0,30324
2024-12-26,81200.0,83000.0,83200.0,81000.0,34883
2024-12-27,85700.0,86500.0,91000.0,85200.0,435740
2024-12-30,84400.0,84900.0,85600.0,82800.0,93648
2025-01-02,84100.0,84600.0,85900.0,81300.0,77119
2025-01-03,85100.0,83700.0,87400.0,83500.0,52667
2025-01-06,87000.0,86300.0,88300.0,84800.0,76586
2025-01-07,85700.0,89000.0,89000.0,85600.0,79305
2025-01-08,86100.0,85200.0,87000.0,84700.0,59463
2025-01-09,85500.0,85800.0,87300.0,85500.0,73607
2025-01-10,84800.0,85500.0,86900.0,84800.0,49717
2025-01-13,84300.0,84700.0,85200.0,83200.0,42444
2025-01-14,81800.0,84700.0,84700.0,81500.0,80181
2025-01-15,81600.0,82000.0,83300.0,81200.0,54682
2025-01-16,80900.0,82300.0,82300.0,80200.0,125545
2025-01-17,80600.0,80600.0,81700.0,80300.0,60543
2025-01-20,80200.0,81100.0,81100.0,79400.0,62941
2025-01-21,80400.0,80700.0,80800.0,79500.0,60702
2025-01-22,81200.0,80700.0,81400.0,80200.0,40206
2025-01-23,80300.0,81500.0,81500.0,80300.0,55999
2025-01-24,79500.0,81000.0,81000.0,79500.0,54721
2025-01-31,79800.0,80200.0,81600.0,79300.0,72513
2025-02-03,78500.0,79300.0,79600.0,77500.0,80213
2025-02-04,79800.0,79000.0,81500.0,78800.0,75040
2025-02-05,80300.0,80600.0,81400.0,80100.0,32525
2025-02-06,81200.0,81200.0,81800.0,80500.0,48371
2025-02-07,81800.0,81200.0,82300.0,80000.0,54057
2025-02-10,84100.0,81900.0,86000.0,81900.0,117158
2025-02-11,88900.0,84100.0,89300.0,83400.0,203915
2025-02-12,94300.0,90400.0,94800.0,88800.0,286213
2025-02-13,95200.0,93700.0,96400.0,92700.0,138884
2025-02-14,95300.0,94500.0,95900.0,93800.0,105149
2025-02-17,96200.0,96100.0,97000.0,94400.0,73116
2025-02-18,96100.0,95600.0,96700.0,94700.0,62685
2025-02-19,95400.0,94700.0,98500.0,94700.0,84446
2025-02-20,97500.0,94200.0,97500.0,93800.0,92617
2025-02-21,97100.0,97500.0,97700.0,95000.0,58345
2025-02-24,96200.0,95600.0,97700.0,95400.0,53956
2025-02-25,96600.0,95500.0,97500.0,94200.0,79827
2025-02-26,96500.0,98200.0,98200.0,95400.0,59701
2025-02-27,95700.0,95600.0,97100.0,94800.0,62978
2025-02-28,93600.0,95600.0,95600.0,92300.0,75436
2025-03-04,89700.0,93600.0,93600.0,89500.0,68318
2025-03-05,93200.0,91100.0,94000.0,89400.0,103675
2025-03-06,96200.0,94800.0,96400.0,92700.0,81628
2025-03-07,94900.0,96200.0,96500.0,94800.0,40792
2025-03-10,96800.0,94400.0,98200.0,94400.0,69807
2025-03-11,94100.0,94800.0,94800.0,93300.0,84575
2025-03-12,92800.0,93600.0,94500.0,92600.0,35929
2025-03-13,90300.0,92800.0,93500.0,90300.0,81010
2025-03-14,90400.0,89900.0,92300.0,89900.0,41134
2025-03-17,89500.0,90700.0,91500.0,88800.0,54341
2025-03-18,88600.0,90400.0,91300.0,88200.0,57112
2025-03-19,88900.0,87900.0,90300.0,87600.0,42373
2025-03-20,87800.0,89200.0,89900.0,87550.0,57359
2025-03-21,87400.0,87800.0,89400.0,85800.0,113193
2025-03-24,87700.0,87400.0,89000.0,87100.0,38986
2025-03-25,86500.0,87100.0,87700.0,85200.0,69957
2025-03-26,86300.0,86700.0,87300.0,85500.0,30449
2025-03-27,85300.0,85700.0,86300.0,85100.0,40332
2025-03-28,85600.0,85300.0,85600.0,83700.0,41332
2025-03-31,86300.0,84900.0,86300.0,83700.0,56072
2025-04-01,85800.0,86300.0,86600.0,85000.0,32716
2025-04-02,84900.0,85900.0,86200.0,84600.0,31267
2025-04-03,82900.0,84200.0,84200.0,81800.0,45291
2025-04-04,89400.0,83400.0,89700.0,82600.0,98545
2025-04-07,85700.0,86600.0,87200.0,84600.0,52379
2025-04-08,80000.0,85900.0,86500.0,79800.0,102484
2025-04-09,81300.0,79800.0,81800.0,79600.0,45268
2025-04-10,82200.0,82300.0,83600.0,81400.0,80871
2025-04-11,82700.0,81400.0,84000.0,81400.0,73356
2025-04-14,82100.0,82700.0,83000.0,81600.0,65190
2025-04-15,82600.0,82200.0,83300.0,81700.0,43652
2025-04-16,81800.0,83400.0,83500.0,81600.0,39146
2025-04-17,81900.0,82400.0,82500.0,81200.0,42019
2025-04-18,83500.0,82100.0,84100.0,81300.0,45415
2025-04-21,85000.0,83900.0,85700.0,83000.0,44815
2025-04-22,83400.0,84900.0,85400.0,82700.0,69178
2025-04-23,84500.0,84300.0,85500.0,84100.0,61834
2025-04-24,83200.0,84800.0,84900.0,82900.0,46814
2025-04-25,82500.0,83700.0,83800.0,82500.0,55975
2025-04-28,82900.0,82900.0,83100.0,82500.0,40107
2025-04-29,82400.0,83000.0,83000.0,82200.0,44499
2025-04-30,83200.0,82500.0,83300.0,82400.0,46289
2025-05-02,81900.0,83200.0,83300.0,81900.0,49850
2025-05-07,84100.0,82700.0,84800.0,82500.0,81638
2025-05-08,83000.0,83500.0,86100.0,83000.0,81614
2025-05-09,84200.0,83200.0,85000.0,83000.0,37769
2025-05-12,85500.0,85000.0,85800.0,84600.0,34014
2025-05-13,82900.0,84700.0,85600.0,82600.0,92836
2025-05-14,81000.0,83200.0,83600.0,80900.0,168141
2025-05-15,79200.0,81100.0,81100.0,79200.0,130764
2025-05-16,79500.0,79700.0,79800.0,78700.0,68841
2025-05-19,79200.0,79500.0,80900.0,79000.0,60700
2025-05-20,77900.0,79500.0,79500.0,77700.0,89912
2025-05-21,77600.0,78100.0,78500.0,77500.0,58144
2025-05-22,79100.0,77600.0,80400.0,77400.0,108270
2025-05-23,80100.0,79200.0,80500.0,78900.0,57906
2025-05-26,80100.0,80100.0,80400.0,79300.0,52510
2025-05-27,79800.0,79600.0,80300.0,79300.0,36609
2025-05-28,80500.0,79800.0,80900.0,79800.0,55246
2025-05-29,81200.0,80900.0,81500.0,80200.0,62629
2025-05-30,80400.0,80700.0,81800.0,80400.0,55967
2025-06-02,79900.0,80100.0,80800.0,79500.0,47431
2025-06-04,83500.0,80700.0,84100.0,80500.0,147399
2025-06-05,84500.0,82900.0,85000.0,82800.0,102961
2025-06-09,87400.0,85000.0,88200.0,84800.0,117615
2025-06-10,87300.0,88700.0,88900.0,86100.0,112937
2025-06-11,87500.0,87200.0,88400.0,86600.0,51859
2025-06-12,85900.0,87000.0,88300.0,85900.0,101235
2025-06-13,85100.0,86300.0,87800.0,84800.0,90796
2025-06-16,84300.0,84500.0,85800.0,83500.0,60652
2025-06-17,83500.0,84800.0,85000.0,82900.0,62615
2025-06-18,84900.0,82800.0,85100.0,82800.0,52308
2025-06-19,85500.0,85100.0,86050.0,84700.0,58706
2025-06-20,90700.0,85900.0,92300.0,85300.0,221613
2025-06-23,87900.0,89800.0,89900.0,86900.0,73989
2025-06-24,88900.0,91200.0,91200.0,88300.0,97012
2025-06-25,89200.0,89800.0,90000.0,88500.0,49547
2025-06-26,87300.0,89200.0,89200.0,86300.0,69915
2025-06-27,87500.0,87400.0,88400.0,86300.0,54219
2025-06-30,87400.0,88400.0,88700.0,87200.0,40476
2025-07-01,88600.0,87400.0,90100.0,87400.0,86275
2025-07-02,90400.0,89100.0,90700.0,88100.0,55210
2025-07-03,91400.0,91200.0,91800.0,89700.0,88099
2025-07-04,90700.0,91900.0,91900.0,89800.0,56909
2025-07-07,90900.0,90800.0,92500.0,90000.0,45536
2025-07-08,89700.0,91500.0,91500.0,88800.0,86978
2025-07-09,93600.0,89900.0,93700.0,89500.0,117478
2025-07-10,92800.0,92900.0,93700.0,92400.0,85246
2025-07-11,94000.0,92900.0,95300.0,92600.0,101464
2025-07-14,94800.0,94000.0,95000.0,92300.0,49181
